Level	Rogue	Druid	Hunter	Mage	Paladin	Priest	Shaman	Warlock	Warrior	Death Knight	Monk	Demon Hunter	Evoker	Adventurer	Traveler
1	0	600	0	600	600	600	600	600	0	0	600	0	600	0	50
2	0	635	0	635	635	635	635	635	0	0	635	0	635	0	50
3	0	670	0	670	670	670	670	670	0	0	670	0	670	0	50
4	0	710	0	710	710	710	710	710	0	0	710	0	710	0	50
5	0	750	0	750	750	750	750	750	0	0	750	0	750	0	50
6	0	795	0	795	795	795	795	795	0	0	795	0	795	0	50
7	0	840	0	840	840	840	840	840	0	0	840	0	840	0	50
8	0	890	0	890	890	890	890	890	0	0	890	0	890	0	50
9	0	940	0	940	940	940	940	940	0	0	940	0	940	0	50
10	0	1000	0	1000	1000	1000	1000	1000	0	0	1000	0	1000	0	50
11	0	1070	0	1070	1070	1070	1070	1070	0	0	1070	0	1070	0	50
12	0	1140	0	1140	1140	1140	1140	1140	0	0	1140	0	1140	0	50
13	0	1225	0	1225	1225	1225	1225	1225	0	0	1225	0	1225	0	50
14	0	1310	0	1310	1310	1310	1310	1310	0	0	1310	0	1310	0	50
15	0	1400	0	1400	1400	1400	1400	1400	0	0	1400	0	1400	0	50
16	0	1500	0	1500	1500	1500	1500	1500	0	0	1500	0	1500	0	50
17	0	1605	0	1605	1605	1605	1605	1605	0	0	1605	0	1605	0	50
18	0	1715	0	1715	1715	1715	1715	1715	0	0	1715	0	1715	0	50
19	0	1835	0	1835	1835	1835	1835	1835	0	0	1835	0	1835	0	50
20	0	1965	0	1965	1965	1965	1965	1965	0	0	1965	0	1965	0	50
21	0	2105	0	2105	2105	2105	2105	2105	0	0	2105	0	2105	0	50
22	0	2250	0	2250	2250	2250	2250	2250	0	0	2250	0	2250	0	50
23	0	2410	0	2410	2410	2410	2410	2410	0	0	2410	0	2410	0	50
24	0	2580	0	2580	2580	2580	2580	2580	0	0	2580	0	2580	0	50
25	0	2760	0	2760	2760	2760	2760	2760	0	0	2760	0	2760	0	50
26	0	2950	0	2950	2950	2950	2950	2950	0	0	2950	0	2950	0	50
27	0	3160	0	3160	3160	3160	3160	3160	0	0	3160	0	3160	0	50
28	0	3380	0	3380	3380	3380	3380	3380	0	0	3380	0	3380	0	50
29	0	3615	0	3615	3615	3615	3615	3615	0	0	3615	0	3615	0	50
30	0	3870	0	3870	3870	3870	3870	3870	0	0	3870	0	3870	0	50
31	0	4140	0	4140	4140	4140	4140	4140	0	0	4140	0	4140	0	50
32	0	4430	0	4430	4430	4430	4430	4430	0	0	4430	0	4430	0	50
33	0	4745	0	4745	4745	4745	4745	4745	0	0	4745	0	4745	0	50
34	0	5075	0	5075	5075	5075	5075	5075	0	0	5075	0	5075	0	50
35	0	5430	0	5430	5430	5430	5430	5430	0	0	5430	0	5430	0	50
36	0	5810	0	5810	5810	5810	5810	5810	0	0	5810	0	5810	0	50
37	0	6220	0	6220	6220	6220	6220	6220	0	0	6220	0	6220	0	50
38	0	6655	0	6655	6655	6655	6655	6655	0	0	6655	0	6655	0	50
39	0	7120	0	7120	7120	7120	7120	7120	0	0	7120	0	7120	0	50
40	0	7620	0	7620	7620	7620	7620	7620	0	0	7620	0	7620	0	50
41	0	8155	0	8155	8155	8155	8155	8155	0	0	8155	0	8155	0	50
42	0	8725	0	8725	8725	8725	8725	8725	0	0	8725	0	8725	0	50
43	0	9335	0	9335	9335	9335	9335	9335	0	0	9335	0	9335	0	50
44	0	9990	0	9990	9990	9990	9990	9990	0	0	9990	0	9990	0	50
45	0	10690	0	10690	10690	10690	10690	10690	0	0	10690	0	10690	0	50
46	0	11440	0	11440	11440	11440	11440	11440	0	0	11440	0	11440	0	50
47	0	12240	0	12240	12240	12240	12240	12240	0	0	12240	0	12240	0	50
48	0	13100	0	13100	13100	13100	13100	13100	0	0	13100	0	13100	0	50
49	0	14015	0	14015	14015	14015	14015	14015	0	0	14015	0	14015	0	50
50	0	15000	0	15000	15000	15000	15000	15000	0	0	15000	0	15000	0	50
51	0	15435	0	15435	15435	15435	15435	15435	0	0	15435	0	15435	0	50
52	0	15885	0	15885	15885	15885	15885	15885	0	0	15885	0	15885	0	50
53	0	16350	0	16350	16350	16350	16350	16350	0	0	16350	0	16350	0	50
54	0	16825	0	16825	16825	16825	16825	16825	0	0	16825	0	16825	0	50
55	0	17320	0	17320	17320	17320	17320	17320	0	0	17320	0	17320	0	50
56	0	17825	0	17825	17825	17825	17825	17825	0	0	17825	0	17825	0	50
57	0	18345	0	18345	18345	18345	18345	18345	0	0	18345	0	18345	0	50
58	0	18880	0	18880	18880	18880	18880	18880	0	0	18880	0	18880	0	50
59	0	19430	0	19430	19430	19430	19430	19430	0	0	19430	0	19430	0	50
60	0	20000	0	20000	20000	20000	20000	20000	0	0	20000	0	20000	0	50
61	0	20825	0	20825	20825	20825	20825	20825	0	0	20825	0	20825	0	50
62	0	21685	0	21685	21685	21685	21685	21685	0	0	21685	0	21685	0	50
63	0	22585	0	22585	22585	22585	22585	22585	0	0	22585	0	22585	0	50
64	0	23520	0	23520	23520	23520	23520	23520	0	0	23520	0	23520	0	50
65	0	24490	0	24490	24490	24490	24490	24490	0	0	24490	0	24490	0	50
66	0	25505	0	25505	25505	25505	25505	25505	0	0	25505	0	25505	0	50
67	0	26560	0	26560	26560	26560	26560	26560	0	0	26560	0	26560	0	50
68	0	27660	0	27660	27660	27660	27660	27660	0	0	27660	0	27660	0	50
69	0	28805	0	28805	28805	28805	28805	28805	0	0	28805	0	28805	0	50
70	0	30000	0	30000	30000	30000	30000	30000	0	0	30000	0	30000	0	50
71	0	31570	0	31570	31570	31570	31570	31570	0	0	31570	0	31570	0	50
72	0	33225	0	33225	33225	33225	33225	33225	0	0	33225	0	33225	0	50
73	0	34965	0	34965	34965	34965	34965	34965	0	0	34965	0	34965	0	50
74	0	36800	0	36800	36800	36800	36800	36800	0	0	36800	0	36800	0	50
75	0	38725	0	38725	38725	38725	38725	38725	0	0	38725	0	38725	0	50
76	0	40755	0	40755	40755	40755	40755	40755	0	0	40755	0	40755	0	50
77	0	42895	0	42895	42895	42895	42895	42895	0	0	42895	0	42895	0	50
78	0	45140	0	45140	45140	45140	45140	45140	0	0	45140	0	45140	0	50
79	0	47510	0	47510	47510	47510	47510	47510	0	0	47510	0	47510	0	50
80	0	50000	0	50000	50000	50000	50000	50000	0	0	50000	0	50000	0	50
81	0	58730	0	58730	58730	58730	58730	58730	0	0	58730	0	58730	0	50
82	0	68985	0	68985	68985	68985	68985	68985	0	0	68985	0	68985	0	50
83	0	81030	0	81030	81030	81030	81030	81030	0	0	81030	0	81030	0	50
84	0	95180	0	95180	95180	95180	95180	95180	0	0	95180	0	95180	0	50
85	0	111800	0	111800	111800	111800	111800	111800	0	0	111800	0	111800	0	50
86	0	131325	0	131325	131325	131325	131325	131325	0	0	131325	0	131325	0	50
87	0	154255	0	154255	154255	154255	154255	154255	0	0	154255	0	154255	0	50
88	0	181190	0	181190	181190	181190	181190	181190	0	0	181190	0	181190	0	50
89	0	212830	0	212830	212830	212830	212830	212830	0	0	212830	0	212830	0	50
90	0	250000	0	250000	250000	250000	250000	250000	0	0	250000	0	250000	0	50
91	0	250000	0	250000	250000	250000	250000	250000	0	0	250000	0	250000	0	50
92	0	250000	0	250000	250000	250000	250000	250000	0	0	250000	0	250000	0	50
93	0	250000	0	250000	250000	250000	250000	250000	0	0	250000	0	250000	0	50
94	0	250000	0	250000	250000	250000	250000	250000	0	0	250000	0	250000	0	50
95	0	250000	0	250000	250000	250000	250000	250000	0	0	250000	0	250000	0	50
96	0	250000	0	250000	250000	250000	250000	250000	0	0	250000	0	250000	0	50
97	0	250000	0	250000	250000	250000	250000	250000	0	0	250000	0	250000	0	50
98	0	250000	0	250000	250000	250000	250000	250000	0	0	250000	0	250000	0	50
99	0	250000	0	250000	250000	250000	250000	250000	0	0	250000	0	250000	0	50
100	0	250000	0	250000	250000	250000	250000	250000	0	0	250000	0	250000	0	50
101	0	250000	0	250000	250000	250000	250000	250000	0	0	250000	0	250000	0	50
102	0	250000	0	250000	250000	250000	250000	250000	0	0	250000	0	250000	0	50
103	0	250000	0	250000	250000	250000	250000	250000	0	0	250000	0	250000	0	50
104	0	250000	0	250000	250000	250000	250000	250000	0	0	250000	0	250000	0	50
105	0	250000	0	250000	250000	250000	250000	250000	0	0	250000	0	250000	0	50
106	0	250000	0	250000	250000	250000	250000	250000	0	0	250000	0	250000	0	50
107	0	250000	0	250000	250000	250000	250000	250000	0	0	250000	0	250000	0	50
108	0	250000	0	250000	250000	250000	250000	250000	0	0	250000	0	250000	0	50
109	0	250000	0	250000	250000	250000	250000	250000	0	0	250000	0	250000	0	50
110	0	250000	0	250000	250000	250000	250000	250000	0	0	250000	0	250000	0	50
111	0	250000	0	250000	250000	250000	250000	250000	0	0	250000	0	250000	0	50
112	0	250000	0	250000	250000	250000	250000	250000	0	0	250000	0	250000	0	50
113	0	250000	0	250000	250000	250000	250000	250000	0	0	250000	0	250000	0	50
114	0	250000	0	250000	250000	250000	250000	250000	0	0	250000	0	250000	0	50
115	0	250000	0	250000	250000	250000	250000	250000	0	0	250000	0	250000	0	50
116	0	250000	0	250000	250000	250000	250000	250000	0	0	250000	0	250000	0	50
117	0	250000	0	250000	250000	250000	250000	250000	0	0	250000	0	250000	0	50
118	0	250000	0	250000	250000	250000	250000	250000	0	0	250000	0	250000	0	50
119	0	250000	0	250000	250000	250000	250000	250000	0	0	250000	0	250000	0	50
120	0	250000	0	250000	250000	250000	250000	250000	0	0	250000	0	250000	0	50
121	0	250000	0	250000	250000	250000	250000	250000	0	0	250000	0	250000	0	50
122	0	250000	0	250000	250000	250000	250000	250000	0	0	250000	0	250000	0	50
123	0	250000	0	250000	250000	250000	250000	250000	0	0	250000	0	250000	0	50
