Level	Unused 0	Defense Skill	Dodge	Parry	Block	Hit - Melee	Hit - Ranged	Hit - Spell	Crit - Melee	Crit - Ranged	Crit - Spell	Corruption	Corruption Resistance	Speed	Resilience - Crit Taken	Resilience - Player Damage	Lifesteal	Haste - Melee	Haste - Ranged	Haste - Spell	Avoidance	Sturdiness	Unused 7	Expertise	Armor Penetration	Mastery	PvP Power	Unused 27	Versatility - Damage Done	Versatility - Healing Done	Versatility - Damage Taken	Unused 12
1	0	0.366788932	3.455208736	3.455208736	1.528287218	1.68111594	1.68111594	1.68111594	3.056530805	3.056530805	3.056530805	1	1	0.764143609	0	1.528287218	4.584861654	2.923638162	2.923638162	2.923638162	2.445259549	0.305657444	0	1.68111594	0	3.056530805	1.344892752	0	3.58810138	3.58810138	7.17620276	0
2	0	0.366788932	3.455208736	3.455208736	1.528287218	1.68111594	1.68111594	1.68111594	3.056530805	3.056530805	3.056530805	1	1	0.764143609	0	1.528287218	4.584861654	2.923638162	2.923638162	2.923638162	2.445259549	0.305657444	0	1.68111594	0	3.056530805	1.344892752	0	3.58810138	3.58810138	7.17620276	0
3	0	0.366788932	3.455208736	3.455208736	1.528287218	1.68111594	1.68111594	1.68111594	3.056530805	3.056530805	3.056530805	1	1	0.764143609	0	1.528287218	4.584861654	2.923638162	2.923638162	2.923638162	2.445259549	0.305657444	0	1.68111594	0	3.056530805	1.344892752	0	3.58810138	3.58810138	7.17620276	0
4	0	0.366788932	3.455208736	3.455208736	1.528287218	1.68111594	1.68111594	1.68111594	3.056530805	3.056530805	3.056530805	1	1	0.764143609	0	1.528287218	4.584861654	2.923638162	2.923638162	2.923638162	2.445259549	0.305657444	0	1.68111594	0	3.056530805	1.344892752	0	3.58810138	3.58810138	7.17620276	0
5	0	0.366788932	3.455208736	3.455208736	1.528287218	1.68111594	1.68111594	1.68111594	3.056530805	3.056530805	3.056530805	1	1	0.764143609	0	1.528287218	4.584861654	2.923638162	2.923638162	2.923638162	2.445259549	0.305657444	0	1.68111594	0	3.056530805	1.344892752	0	3.58810138	3.58810138	7.17620276	0
6	0	0.366788932	3.455208736	3.455208736	1.528287218	1.68111594	1.68111594	1.68111594	3.056530805	3.056530805	3.056530805	1	1	0.764143609	0	1.528287218	4.584861654	2.923638162	2.923638162	2.923638162	2.445259549	0.305657444	0	1.68111594	0	3.056530805	1.344892752	0	3.58810138	3.58810138	7.17620276	0
7	0	0.366788932	3.455208736	3.455208736	1.528287218	1.68111594	1.68111594	1.68111594	3.056530805	3.056530805	3.056530805	1	1	0.764143609	0	1.528287218	4.584861654	2.923638162	2.923638162	2.923638162	2.445259549	0.305657444	0	1.68111594	0	3.056530805	1.344892752	0	3.58810138	3.58810138	7.17620276	0
8	0	0.366788932	3.455208736	3.455208736	1.528287218	1.68111594	1.68111594	1.68111594	3.056530805	3.056530805	3.056530805	1	1	0.764143609	0	1.528287218	4.584861654	2.923638162	2.923638162	2.923638162	2.445259549	0.305657444	0	1.68111594	0	3.056530805	1.344892752	0	3.58810138	3.58810138	7.17620276	0
9	0	0.366788932	3.455208736	3.455208736	1.528287218	1.68111594	1.68111594	1.68111594	3.056530805	3.056530805	3.056530805	1	1	0.764143609	0	1.528287218	4.584861654	2.923638162	2.923638162	2.923638162	2.445259549	0.305657444	0	1.68111594	0	3.056530805	1.344892752	0	3.58810138	3.58810138	7.17620276	0
10	0	0.366788932	3.455208736	3.455208736	1.528287218	1.68111594	1.68111594	1.68111594	3.056530805	3.056530805	3.056530805	1	1	0.764143609	0	1.528287218	4.584861654	2.923638162	2.923638162	2.923638162	2.445259549	0.305657444	0	1.68111594	0	3.056530805	1.344892752	0	3.58810138	3.58810138	7.17620276	0
11	0	0.366788932	3.455208736	3.455208736	1.528287218	1.68111594	1.68111594	1.68111594	3.056530805	3.056530805	3.056530805	1	1	0.764143609	0	1.528287218	4.584861654	2.923638162	2.923638162	2.923638162	2.445259549	0.305657444	0	1.68111594	0	3.056530805	1.344892752	0	3.58810138	3.58810138	7.17620276	0
12	0	0.385128379	3.627969173	3.627969173	1.604701579	1.765171737	1.765171737	1.765171737	3.209357346	3.209357346	3.209357346	1	1	0.802350789	0	1.604701579	4.814104737	3.06982007	3.06982007	3.06982007	2.567522526	0.320940316	0	1.765171737	0	3.209357346	1.41213739	0	3.767506449	3.767506449	7.535012898	0
13	0	0.403467826	3.80072961	3.80072961	1.68111594	1.849227534	1.849227534	1.849227534	3.362183886	3.362183886	3.362183886	1	1	0.84055797	0	1.68111594	5.04334782	3.216001978	3.216001978	3.216001978	2.689785504	0.336223188	0	1.849227534	0	3.362183886	1.479382027	0	3.946911518	3.946911518	7.893823036	0
14	0	0.421807272	3.973490047	3.973490047	1.757530301	1.933283331	1.933283331	1.933283331	3.515010426	3.515010426	3.515010426	1	1	0.87876515	0	1.757530301	5.272590902	3.362183886	3.362183886	3.362183886	2.812048481	0.35150606	0	1.933283331	0	3.515010426	1.546626665	0	4.126316587	4.126316587	8.252633174	0
15	0	0.440146719	4.146250484	4.146250484	1.833944662	2.017339128	2.017339128	2.017339128	3.667836966	3.667836966	3.667836966	1	1	0.916972331	0	1.833944662	5.501833985	3.508365794	3.508365794	3.508365794	2.934311459	0.366788932	0	2.017339128	0	3.667836966	1.613871302	0	4.305721656	4.305721656	8.611443312	0
16	0	0.458486165	4.31901092	4.31901092	1.910359023	2.101394925	2.101394925	2.101394925	3.820663507	3.820663507	3.820663507	1	1	0.955179511	0	1.910359023	5.731077068	3.654547702	3.654547702	3.654547702	3.056574436	0.382071805	0	2.101394925	0	3.820663507	1.68111594	0	4.485126725	4.485126725	8.97025345	0
17	0	0.476825612	4.491771357	4.491771357	1.986773383	2.185450722	2.185450722	2.185450722	3.973490047	3.973490047	3.973490047	1	1	0.993386692	0	1.986773383	5.96032015	3.80072961	3.80072961	3.80072961	3.178837414	0.397354677	0	2.185450722	0	3.973490047	1.748360577	0	4.664531794	4.664531794	9.329063588	0
18	0	0.495165059	4.664531794	4.664531794	2.063187744	2.269506519	2.269506519	2.269506519	4.126316587	4.126316587	4.126316587	1	1	1.031593872	0	2.063187744	6.189563233	3.946911518	3.946911518	3.946911518	3.301100391	0.412637549	0	2.269506519	0	4.126316587	1.815605215	0	4.843936863	4.843936863	9.687873726	0
19	0	0.513504505	4.837292231	4.837292231	2.139602105	2.353562316	2.353562316	2.353562316	4.279143127	4.279143127	4.279143127	1	1	1.069801053	0	2.139602105	6.418806316	4.093093426	4.093093426	4.093093426	3.423363368	0.427920421	0	2.353562316	0	4.279143127	1.882849853	0	5.023341932	5.023341932	10.04668386	0
20	0	0.531843952	5.010052668	5.010052668	2.216016466	2.437618113	2.437618113	2.437618113	4.431969668	4.431969668	4.431969668	1	1	1.108008233	0	2.216016466	6.648049399	4.239275334	4.239275334	4.239275334	3.545626346	0.443203293	0	2.437618113	0	4.431969668	1.95009449	0	5.202747001	5.202747001	10.405494	0
21	0	0.537339673	5.061823212	5.061823212	2.238915303	2.462806833	2.462806833	2.462806833	4.477766688	4.477766688	4.477766688	1	1	1.119457652	0	2.238915303	6.716745909	4.283081179	4.283081179	4.283081179	3.582264485	0.447783061	0	2.462806833	0	4.477766688	1.970245467	0	5.25650872	5.25650872	10.51301744	0
22	0	0.543071296	5.115815993	5.115815993	2.262797066	2.489076773	2.489076773	2.489076773	4.525529532	4.525529532	4.525529532	1	1	1.131398533	0	2.262797066	6.788391199	4.328767379	4.328767379	4.328767379	3.620475306	0.452559413	0	2.489076773	0	4.525529532	1.991261418	0	5.312578146	5.312578146	10.62515629	0
23	0	0.54904508	5.172089969	5.172089969	2.287687834	2.516456617	2.516456617	2.516456617	4.575310357	4.575310357	4.575310357	1	1	1.143843917	0	2.287687834	6.863063502	4.37638382	4.37638382	4.37638382	3.660300534	0.457537567	0	2.516456617	0	4.575310357	2.013165294	0	5.371016506	5.371016506	10.74203301	0
24	0	0.555267591	5.230706988	5.230706988	2.313614963	2.544976459	2.544976459	2.544976459	4.627163874	4.627163874	4.627163874	1	1	1.156807481	0	2.313614963	6.940844888	4.425982836	4.425982836	4.425982836	3.70178394	0.462722993	0	2.544976459	0	4.627163874	2.035981167	0	5.431888026	5.431888026	10.86377605	0
25	0	0.561745713	5.291731903	5.291731903	2.340607137	2.574667851	2.574667851	2.574667851	4.681147453	4.681147453	4.681147453	1	1	1.170303569	0	2.340607137	7.021821412	4.477619303	4.477619303	4.477619303	3.74497142	0.468121427	0	2.574667851	0	4.681147453	2.059734281	0	5.495260053	5.495260053	10.99052011	0
26	0	0.568486662	5.355232686	5.355232686	2.368694423	2.605563865	2.605563865	2.605563865	4.737321222	4.737321222	4.737321222	1	1	1.184347211	0	2.368694423	7.106083269	4.531350734	4.531350734	4.531350734	3.789911077	0.473738885	0	2.605563865	0	4.737321222	2.084451092	0	5.561203174	5.561203174	11.12240635	0
27	0	0.575497997	5.421280556	5.421280556	2.397908321	2.637699153	2.637699153	2.637699153	4.795748184	4.795748184	4.795748184	1	1	1.19895416	0	2.397908321	7.193724963	4.587237394	4.587237394	4.587237394	3.836653313	0.479581664	0	2.637699153	0	4.795748184	2.110159322	0	5.629791347	5.629791347	11.25958269	0
28	0	0.582787638	5.48995011	5.48995011	2.428281826	2.671110009	2.671110009	2.671110009	4.856494328	4.856494328	4.856494328	1	1	1.214140913	0	2.428281826	7.284845479	4.6453424	4.6453424	4.6453424	3.885250922	0.485656365	0	2.671110009	0	4.856494328	2.136888007	0	5.701102037	5.701102037	11.40220407	0
29	0	0.590363878	5.561319461	5.561319461	2.45984949	2.705834439	2.705834439	2.705834439	4.919628754	4.919628754	4.919628754	1	1	1.229924745	0	2.45984949	7.37954847	4.705731852	4.705731852	4.705731852	3.935759184	0.491969898	0	2.705834439	0	4.919628754	2.164667551	0	5.775216363	5.775216363	11.55043273	0
30	0	0.598235396	5.635470387	5.635470387	2.492647483	2.741912232	2.741912232	2.741912232	4.985223804	4.985223804	4.985223804	1	1	1.246323742	0	2.492647483	7.47794245	4.768474943	4.768474943	4.768474943	3.988235973	0.498529497	0	2.741912232	0	4.985223804	2.193529785	0	5.852219248	5.852219248	11.7044385	0
31	0	0.60641128	5.712488483	5.712488483	2.526713665	2.779385032	2.779385032	2.779385032	5.053355196	5.053355196	5.053355196	1	1	1.263356833	0	2.526713665	7.580140996	4.833644101	4.833644101	4.833644101	4.042741865	0.505342733	0	2.779385032	0	5.053355196	2.223508026	0	5.932199578	5.932199578	11.86439916	0
32	0	0.614901038	5.792463321	5.792463321	2.562087657	2.818296422	2.818296422	2.818296422	5.124102169	5.124102169	5.124102169	1	1	1.281043828	0	2.562087657	7.68626297	4.901315118	4.901315118	4.901315118	4.099340251	0.512417531	0	2.818296422	0	5.124102169	2.254637138	0	6.015250372	6.015250372	12.03050074	0
33	0	0.623714619	5.875488629	5.875488629	2.598810913	2.858692005	2.858692005	2.858692005	5.197547633	5.197547633	5.197547633	1	1	1.299405457	0	2.598810913	7.79643274	4.971567301	4.971567301	4.971567301	4.158097461	0.519762183	0	2.858692005	0	5.197547633	2.286953604	0	6.101468961	6.101468961	12.20293792	0
34	0	0.632862434	5.961662462	5.961662462	2.636926807	2.900619487	2.900619487	2.900619487	5.273778332	5.273778332	5.273778332	1	1	1.318463403	0	2.636926807	7.91078042	5.044483622	5.044483622	5.044483622	4.219082891	0.527385361	0	2.900619487	0	5.273778332	2.32049559	0	6.190957172	6.190957172	12.38191434	0
35	0	0.64235537	6.051087399	6.051087399	2.676480709	2.94412878	2.94412878	2.94412878	5.352885007	5.352885007	5.352885007	1	1	1.338240354	0	2.676480709	8.029442126	5.120150876	5.120150876	5.120150876	4.282369134	0.535296142	0	2.94412878	0	5.352885007	2.355303024	0	6.28382153	6.28382153	12.56764306	0
36	0	0.652204819	6.143870739	6.143870739	2.71752008	2.989272088	2.989272088	2.989272088	5.434962577	5.434962577	5.434962577	1	1	1.35876004	0	2.71752008	8.152560239	5.198659856	5.198659856	5.198659856	4.348032127	0.543504016	0	2.989272088	0	5.434962577	2.39141767	0	6.38017346	6.38017346	12.76034692	0
37	0	0.662422695	6.240124714	6.240124714	2.760094561	3.036104017	3.036104017	3.036104017	5.520110324	5.520110324	5.520110324	1	1	1.38004728	0	2.760094561	8.280283682	5.280105527	5.280105527	5.280105527	4.416151297	0.552018912	0	3.036104017	0	5.520110324	2.428883214	0	6.480129511	6.480129511	12.96025902	0
38	0	0.673021458	6.33996671	6.33996671	2.804256074	3.084681681	3.084681681	3.084681681	5.608432089	5.608432089	5.608432089	1	1	1.402128037	0	2.804256074	8.412768221	5.364587216	5.364587216	5.364587216	4.486809718	0.560851215	0	3.084681681	0	5.608432089	2.467745345	0	6.583811583	6.583811583	13.16762317	0
39	0	0.684014142	6.443519499	6.443519499	2.850058923	3.135064815	3.135064815	3.135064815	5.70003648	5.70003648	5.70003648	1	1	1.425029461	0	2.850058923	8.550176769	5.452208807	5.452208807	5.452208807	4.560094277	0.570011785	0	3.135064815	0	5.70003648	2.508051852	0	6.691347172	6.691347172	13.38269434	0
40	0	0.695414377	6.550911491	6.550911491	2.897559905	3.187315896	3.187315896	3.187315896	5.795037088	5.795037088	5.795037088	1	1	1.448779953	0	2.897559905	8.692679715	5.543078954	5.543078954	5.543078954	4.636095848	0.579511981	0	3.187315896	0	5.795037088	2.549852716	0	6.802869625	6.802869625	13.60573925	0
41	0	0.707236422	6.662276986	6.662276986	2.946818423	3.241500266	3.241500266	3.241500266	5.893552718	5.893552718	5.893552718	1	1	1.473409212	0	2.946818423	8.84045527	5.637311296	5.637311296	5.637311296	4.714909477	0.589363685	0	3.241500266	0	5.893552718	2.593200213	0	6.918518409	6.918518409	13.83703682	0
42	0	0.719495186	6.777756454	6.777756454	2.997896609	3.29768627	3.29768627	3.29768627	5.995707632	5.995707632	5.995707632	1	1	1.498948305	0	2.997896609	8.993689828	5.735024692	5.735024692	5.735024692	4.796634575	0.599579322	0	3.29768627	0	5.995707632	2.638149016	0	7.038439394	7.038439394	14.07687879	0
43	0	0.732206268	6.897496818	6.897496818	3.05085945	3.355945394	3.355945394	3.355945394	6.1016318	6.1016318	6.1016318	1	1	1.525429725	0	3.05085945	9.152578349	5.836343461	5.836343461	5.836343461	4.881375119	0.61017189	0	3.355945394	0	6.1016318	2.684756316	0	7.162785157	7.162785157	14.32557031	0
44	0	0.745385981	7.021651761	7.021651761	3.10577492	3.416352412	3.416352412	3.416352412	6.211461173	6.211461173	6.211461173	1	1	1.55288746	0	3.10577492	9.317324759	5.941397644	5.941397644	5.941397644	4.969239871	0.621154984	0	3.416352412	0	6.211461173	2.733081929	0	7.29171529	7.29171529	14.58343058	0
45	0	0.75905139	7.150382043	7.150382043	3.162714126	3.478985539	3.478985539	3.478985539	6.325337961	6.325337961	6.325337961	1	1	1.581357063	0	3.162714126	9.488142379	6.050323267	6.050323267	6.050323267	5.060342602	0.632542825	0	3.478985539	0	6.325337961	2.783188431	0	7.425396737	7.425396737	14.85079347	0
46	0	0.77322035	7.283855841	7.283855841	3.221751457	3.543926603	3.543926603	3.543926603	6.443410936	6.443410936	6.443410936	1	1	1.610875728	0	3.221751457	9.665254371	6.163262635	6.163262635	6.163262635	5.154802331	0.644350291	0	3.543926603	0	6.443410936	2.835141282	0	7.564004143	7.564004143	15.12800829	0
47	0	0.787911536	7.422249102	7.422249102	3.282964735	3.611261208	3.611261208	3.611261208	6.565835744	6.565835744	6.565835744	1	1	1.641482367	0	3.282964735	9.848894204	6.280364625	6.280364625	6.280364625	5.252743575	0.656592947	0	3.611261208	0	6.565835744	2.889008966	0	7.707720221	7.707720221	15.41544044	0
48	0	0.803144493	7.565745918	7.565745918	3.346435386	3.681078925	3.681078925	3.681078925	6.692775235	6.692775235	6.692775235	1	1	1.673217693	0	3.346435386	10.03930616	6.401785008	6.401785008	6.401785008	5.354296618	0.669287077	0	3.681078925	0	6.692775235	2.94486314	0	7.856736146	7.856736146	15.71347229	0
49	0	0.818939668	7.714538921	7.714538921	3.412248615	3.753473477	3.753473477	3.753473477	6.824399815	6.824399815	6.824399815	1	1	1.706124308	0	3.412248615	10.23674585	6.527686779	6.527686779	6.527686779	5.459597785	0.682449723	0	3.753473477	0	6.824399815	3.002778781	0	8.011251956	8.011251956	16.02250391	0
50	0	0.835318461	7.868829699	7.868829699	3.480493588	3.828542946	3.828542946	3.828542946	6.960887811	6.960887811	6.960887811	1	1	1.740246794	0	3.480493588	10.44148076	6.658240515	6.658240515	6.658240515	5.56878974	0.696098718	0	3.828542946	0	6.960887811	3.062834357	0	8.171476996	8.171476996	16.34295399	0
51	0	0.85230327	8.028829237	8.028829237	3.551263624	3.906389986	3.906389986	3.906389986	7.102425863	7.102425863	7.102425863	1	1	1.775631812	0	3.551263624	10.65379087	6.793624739	6.793624739	6.793624739	5.682021798	0.710252725	0	3.906389986	0	7.102425863	3.125111989	0	8.337630361	8.337630361	16.67526072	0
52	0	0.869917537	8.194758374	8.194758374	3.624656405	3.987122046	3.987122046	3.987122046	7.249209331	7.249209331	7.249209331	1	1	1.812328203	0	3.624656405	10.87396922	6.934026317	6.934026317	6.934026317	5.799450249	0.724931281	0	3.987122046	0	7.249209331	3.189697637	0	8.509941389	8.509941389	17.01988278	0
53	0	0.888185806	8.3668483	8.3668483	3.70077419	4.070851609	4.070851609	4.070851609	7.401442727	7.401442727	7.401442727	1	1	1.850387095	0	3.70077419	11.10232257	7.079640869	7.079640869	7.079640869	5.921238704	0.740154838	0	4.070851609	0	7.401442727	3.256681287	0	8.688650158	8.688650158	17.37730032	0
54	0	0.907133769	8.545341064	8.545341064	3.779724039	4.157696443	4.157696443	4.157696443	7.559340172	7.559340172	7.559340172	1	1	1.88986202	0	3.779724039	11.33917212	7.230673208	7.230673208	7.230673208	6.047558463	0.755944808	0	4.157696443	0	7.559340172	3.326157155	0	8.874008028	8.874008028	17.74801606	0
55	0	0.926788334	8.73049012	8.73049012	3.86161806	4.247779866	4.247779866	4.247779866	7.723125876	7.723125876	7.723125876	1	1	1.93080903	0	3.86161806	11.58485418	7.387337794	7.387337794	7.387337794	6.178588896	0.772323612	0	4.247779866	0	7.723125876	3.398223893	0	9.066278202	9.066278202	18.1325564	0
56	0	0.947177678	8.922560903	8.922560903	3.946573658	4.341231023	4.341231023	4.341231023	7.893034645	7.893034645	7.893034645	1	1	1.973286829	0	3.946573658	11.83972097	7.549859225	7.549859225	7.549859225	6.314517852	0.789314732	0	4.341231023	0	7.893034645	3.472984819	0	9.265736322	9.265736322	18.53147264	0
57	0	0.968331313	9.12183143	9.12183143	4.034713803	4.438185183	4.438185183	4.438185183	8.069312419	8.069312419	8.069312419	1	1	2.017356901	0	4.034713803	12.10414141	7.718472748	7.718472748	7.718472748	6.455542084	0.806942761	0	4.438185183	0	8.069312419	3.550548146	0	9.4726711	9.4726711	18.9453422	0
58	0	0.990280156	9.328592942	9.328592942	4.126167315	4.538784047	4.538784047	4.538784047	8.252216833	8.252216833	8.252216833	1	1	2.063083658	0	4.126167315	12.37850195	7.893424797	7.893424797	7.893424797	6.601867705	0.825233463	0	4.538784047	0	8.252216833	3.631027238	0	9.687384978	9.687384978	19.37476996	0
59	0	1.013056599	9.54315058	9.54315058	4.221069164	4.64317608	4.64317608	4.64317608	8.442017821	8.442017821	8.442017821	1	1	2.110534582	0	4.221069164	12.66320749	8.074973567	8.074973567	8.074973567	6.753710662	0.844213833	0	4.64317608	0	8.442017821	3.714540864	0	9.910194833	9.910194833	19.82038967	0
60	0	1.036694587	9.765824093	9.765824093	4.319560778	4.751516855	4.751516855	4.751516855	8.638998236	8.638998236	8.638998236	1	1	2.159780389	0	4.319560778	12.95868233	8.263389617	8.263389617	8.263389617	6.911297244	0.863912156	0	4.751516855	0	8.638998236	3.801213484	0	10.14143271	10.14143271	20.28286542	0
61	0	1.061229692	9.996948597	9.996948597	4.421790383	4.863969421	4.863969421	4.863969421	8.843454528	8.843454528	8.843454528	1	1	2.210895191	0	4.421790383	13.26537115	8.458956505	8.458956505	8.458956505	7.074864612	0.884358077	0	4.863969421	0	8.843454528	3.891175537	0	10.38144662	10.38144662	20.76289324	0
62	0	1.086699204	10.23687536	10.23687536	4.527913352	4.980704687	4.980704687	4.980704687	9.055697437	9.055697437	9.055697437	1	1	2.263956676	0	4.527913352	13.58374006	8.661971461	8.661971461	8.661971461	7.244661363	0.90558267	0	4.980704687	0	9.055697437	3.98456375	0	10.63060134	10.63060134	21.26120268	0
63	0	1.113142218	10.48597266	10.48597266	4.638092577	5.101901834	5.101901834	5.101901834	9.276052741	9.276052741	9.276052741	1	1	2.319046288	0	4.638092577	13.91427773	8.8727461	8.8727461	8.8727461	7.420948123	0.927618515	0	5.101901834	0	9.276052741	4.081521467	0	10.8892793	10.8892793	21.77855861	0
64	0	1.140599726	10.74462666	10.74462666	4.75249886	5.227748746	5.227748746	5.227748746	9.504862042	9.504862042	9.504862042	1	1	2.37624943	0	4.75249886	14.25749658	9.09160717	9.09160717	9.09160717	7.603998176	0.950499772	0	5.227748746	0	9.504862042	4.182198997	0	11.15788153	11.15788153	22.31576305	0
65	0	1.16911472	11.01324232	11.01324232	4.871311332	5.358442465	5.358442465	5.358442465	9.742483593	9.742483593	9.742483593	1	1	2.435655666	0	4.871311332	14.613934	9.31889735	9.31889735	9.31889735	7.794098131	0.974262266	0	5.358442465	0	9.742483593	4.286753972	0	11.43682857	11.43682857	22.87365713	0
66	0	1.198732293	11.29224446	11.29224446	4.994717885	5.494189674	5.494189674	5.494189674	9.989293177	9.989293177	9.989293177	1	1	2.497358943	0	4.994717885	14.98415366	9.554976083	9.554976083	9.554976083	7.991548617	0.998943577	0	5.494189674	0	9.989293177	4.395351739	0	11.72656156	11.72656156	23.45312311	0
67	0	1.229499755	11.58207874	11.58207874	5.122915645	5.635207209	5.635207209	5.635207209	10.24568504	10.24568504	10.24568504	1	1	2.561457822	0	5.122915645	15.36874693	9.800220469	9.800220469	9.800220469	8.196665031	1.024583129	0	5.635207209	0	10.24568504	4.508165767	0	12.0275433	12.0275433	24.0550866	0
68	0	1.261466748	11.88321278	11.88321278	5.256111451	5.781722596	5.781722596	5.781722596	10.51207285	10.51207285	10.51207285	1	1	2.628055726	0	5.256111451	15.76833435	10.0550262	10.0550262	10.0550262	8.409778322	1.05122229	0	5.781722596	0	10.51207285	4.625378077	0	12.34025943	12.34025943	24.68051886	0
69	0	1.294685373	12.19613739	12.19613739	5.394522386	5.933974625	5.933974625	5.933974625	10.78889076	10.78889076	10.78889076	1	1	2.697261193	0	5.394522386	16.18356716	10.31980856	10.31980856	10.31980856	8.631235818	1.078904477	0	5.933974625	0	10.78889076	4.7471797	0	12.66521959	12.66521959	25.33043919	0
70	0	1.329210316	12.52136772	12.52136772	5.538376316	6.092213948	6.092213948	6.092213948	11.07659452	11.07659452	11.07659452	1	1	2.769188158	1	5.538376316	16.61512895	10.59500345	10.59500345	10.59500345	8.861402106	1.107675263	1	6.092213948	1	11.07659452	4.873771158	1	13.00295878	13.00295878	26.00591756	1
71	0	1.341653061	12.63858031	12.63858031	5.590221088	6.149243196	6.149243196	6.149243196	11.18028258	11.18028258	11.18028258	1	1	2.795110544	2	5.590221088	16.77066326	10.69418334	10.69418334	10.69418334	8.94435374	1.118044218	2	6.149243196	2	11.18028258	4.919394557	2	13.12467955	13.12467955	26.2493591	2
72	0	1.354212283	12.75689013	12.75689013	5.642551178	6.206806296	6.206806296	6.206806296	11.28494127	11.28494127	11.28494127	1	1	2.821275589	3	5.642551178	16.92765353	10.79429165	10.79429165	10.79429165	9.028081885	1.128510236	3	6.206806296	3	11.28494127	4.965445037	3	13.24753975	13.24753975	26.4950795	3
73	0	1.366889071	12.87630745	12.87630745	5.695371131	6.264908244	6.264908244	6.264908244	11.39057967	11.39057967	11.39057967	1	1	2.847685565	4	5.695371131	17.08611339	10.89533707	10.89533707	10.89533707	9.112593809	1.139074226	4	6.264908244	4	11.39057967	5.011926595	4	13.37155004	13.37155004	26.74310008	4
74	0	1.379684528	12.99684263	12.99684263	5.748685531	6.323554084	6.323554084	6.323554084	11.49720694	11.49720694	11.49720694	1	1	2.874342766	5	5.748685531	17.24605659	10.99732838	10.99732838	10.99732838	9.19789685	1.149737106	5	6.323554084	5	11.49720694	5.058843268	5	13.4967212	13.4967212	26.99344239	5
75	0	1.392599762	13.11850615	13.11850615	5.802499008	6.382748909	6.382748909	6.382748909	11.60483236	11.60483236	11.60483236	1	1	2.901249504	6	5.802499008	17.40749702	11.10027443	11.10027443	11.10027443	9.283998413	1.160499802	6	6.382748909	6	11.60483236	5.106199127	6	13.62306408	13.62306408	27.24612815	6
76	0	1.405635896	13.24130856	13.24130856	5.856816233	6.442497857	6.442497857	6.442497857	11.71346526	11.71346526	11.71346526	1	1	2.928408117	7	5.856816233	17.5704487	11.20418416	11.20418416	11.20418416	9.370905974	1.171363247	7	6.442497857	7	11.71346526	5.153998285	7	13.75058965	13.75058965	27.50117931	7
77	0	1.418794061	13.36526052	13.36526052	5.911641923	6.502806115	6.502806115	6.502806115	11.82311507	11.82311507	11.82311507	1	1	2.955820961	8	5.911641923	17.73492577	11.30906659	11.30906659	11.30906659	9.458627076	1.182328385	8	6.502806115	8	11.82311507	5.202244892	8	13.879309	13.879309	27.758618	8
78	0	1.4320754	13.4903728	13.4903728	5.966980835	6.563678919	6.563678919	6.563678919	11.93379132	11.93379132	11.93379132	1	1	2.983490418	9	5.966980835	17.90094251	11.41493083	11.41493083	11.41493083	9.547169336	1.193396167	9	6.563678919	9	11.93379132	5.250943135	9	14.00923329	14.00923329	28.01846658	9
79	0	1.445481066	13.61665625	13.61665625	6.022837776	6.625121553	6.625121553	6.625121553	12.04550361	12.04550361	12.04550361	1	1	3.011418888	10	6.022837776	18.06851333	11.52178606	11.52178606	11.52178606	9.636540441	1.204567555	10	6.625121553	10	12.04550361	5.300097243	10	14.1403738	14.1403738	28.2807476	10
80	0	1.459012222	13.74412184	13.74412184	6.079217593	6.687139353	6.687139353	6.687139353	12.15826163	12.15826163	12.15826163	1	1	3.039608797	11	6.079217593	18.23765278	11.62964156	11.62964156	11.62964156	9.726748149	1.215843519	11	6.687139353	11	12.15826163	5.349711482	11	14.27274192	14.27274192	28.54548383	11
81	0	1.63010705	15.3558617	15.3558617	6.792112708	7.471323978	7.471323978	7.471323978	13.58403151	13.58403151	13.58403151	1	1	3.396056354	12	6.792112708	20.37633812	12.99342144	12.99342144	12.99342144	10.86738033	1.358422542	12	7.471323978	12	13.58403151	5.977059183	12	15.94647177	15.94647177	31.89294354	12
82	0	1.821265753	17.15660639	17.15660639	7.588607304	8.347468035	8.347468035	8.347468035	15.17699796	15.17699796	15.17699796	1	1	3.794303652	13	7.588607304	22.76582191	14.51712849	14.51712849	14.51712849	12.14177169	1.517721461	13	8.347468035	13	15.17699796	6.677974428	13	17.81647587	17.81647587	35.63295174	13
83	0	2.034841174	19.16852005	19.16852005	8.478504892	9.326355382	9.326355382	9.326355382	16.95676773	16.95676773	16.95676773	1	1	4.239252446	14	8.478504892	25.43551468	16.21951696	16.21951696	16.21951696	13.56560783	1.695700978	14	9.326355382	14	16.95676773	7.461084305	14	19.90577082	19.90577082	39.81154163	14
84	0	2.273462067	21.41636594	21.41636594	9.472758614	10.42003448	10.42003448	10.42003448	18.94524679	18.94524679	18.94524679	1	1	4.736379307	15	9.472758614	28.41827584	18.12154041	18.12154041	18.12154041	15.15641378	1.894551723	15	10.42003448	15	18.94524679	8.33602758	15	22.24007232	22.24007232	44.48014464	15
85	0	2.540065454	23.92781127	23.92781127	10.58360606	11.64196667	11.64196667	11.64196667	21.16690997	21.16690997	21.16690997	1	1	5.29180303	16	10.58360606	31.75081818	20.24660954	20.24660954	20.24660954	16.9337697	2.116721212	16	11.64196667	16	21.16690997	9.313573332	16	24.8481117	24.8481117	49.69622341	16
86	0	2.837932774	26.73376771	26.73376771	11.82471989	13.00719188	13.00719188	13.00719188	23.6491022	23.6491022	23.6491022	1	1	5.912359947	17	11.82471989	35.47415968	22.62088037	22.62088037	22.62088037	18.91955183	2.364943979	17	13.00719188	17	23.6491022	10.40575351	17	27.76198954	27.76198954	55.52397909	17
87	0	3.170730273	29.86877186	29.86877186	13.21137614	14.53251375	14.53251375	14.53251375	26.42237511	26.42237511	26.42237511	1	1	6.605688069	18	13.21137614	39.63412842	25.27357619	25.27357619	25.27357619	21.13820182	2.642275228	18	14.53251375	18	26.42237511	11.626011	18	31.01757078	31.01757078	62.03514156	18
88	0	3.542554128	33.37141035	33.37141035	14.7606422	16.23670642	16.23670642	16.23670642	29.520863	29.520863	29.520863	1	1	7.3803211	19	14.7606422	44.2819266	28.23734722	28.23734722	28.23734722	23.61702752	2.95212844	19	16.23670642	19	29.520863	12.98936514	19	34.65492613	34.65492613	69.30985227	19
89	0	3.957980866	37.28479477	37.28479477	16.49158694	18.14074563	18.14074563	18.14074563	32.98270306	32.98270306	32.98270306	1	1	8.24579347	20	16.49158694	49.47476082	31.5486725	31.5486725	31.5486725	26.3865391	3.298317388	20	18.14074563	20	32.98270306	14.51259651	20	38.71882534	38.71882534	77.43765067	20
90	0	5.520078796	52	52	23.00032832	25.30036115	25.30036115	25.30036115	46	46	46	1	1	11.50016416	21	23.00032832	69.00098495	44	44	44	36.80052531	4.600065663	21	25.30036115	21	46	20.24028892	21	54	54	108	21
91	0	5.520078796	52	52	23.00032832	25.30036115	25.30036115	25.30036115	46	46	46	1	1	11.50016416	21	23.00032832	69.00098495	44	44	44	36.80052531	4.600065663	21	25.30036115	21	46	20.24028892	0	54	54	108	21
92	0	5.520078796	52	52	23.00032832	25.30036115	25.30036115	25.30036115	46	46	46	1	1	11.50016416	21	23.00032832	69.00098495	44	44	44	36.80052531	4.600065663	21	25.30036115	21	46	20.24028892	0	54	54	108	21
93	0	5.520078796	52	52	23.00032832	25.30036115	25.30036115	25.30036115	46	46	46	1	1	11.50016416	21	23.00032832	69.00098495	44	44	44	36.80052531	4.600065663	21	25.30036115	21	46	20.24028892	0	54	54	108	21
94	0	5.520078796	52	52	23.00032832	25.30036115	25.30036115	25.30036115	46	46	46	1	1	11.50016416	21	23.00032832	69.00098495	44	44	44	36.80052531	4.600065663	21	25.30036115	21	46	20.24028892	0	54	54	108	21
95	0	5.520078796	52	52	23.00032832	25.30036115	25.30036115	25.30036115	46	46	46	1	1	11.50016416	21	23.00032832	69.00098495	44	44	44	36.80052531	4.600065663	21	25.30036115	21	46	20.24028892	0	54	54	108	21
96	0	5.520078796	52	52	23.00032832	25.30036115	25.30036115	25.30036115	46	46	46	1	1	11.50016416	21	23.00032832	69.00098495	44	44	44	36.80052531	4.600065663	21	25.30036115	21	46	20.24028892	0	54	54	108	21
97	0	5.520078796	52	52	23.00032832	25.30036115	25.30036115	25.30036115	46	46	46	1	1	11.50016416	21	23.00032832	69.00098495	44	44	44	36.80052531	4.600065663	21	25.30036115	21	46	20.24028892	0	54	54	108	21
98	0	5.520078796	52	52	23.00032832	25.30036115	25.30036115	25.30036115	46	46	46	1	1	11.50016416	21	23.00032832	69.00098495	44	44	44	36.80052531	4.600065663	21	25.30036115	21	46	20.24028892	0	54	54	108	21
99	0	5.520078796	52	52	23.00032832	25.30036115	25.30036115	25.30036115	46	46	46	1	1	11.50016416	21	23.00032832	69.00098495	44	44	44	36.80052531	4.600065663	21	25.30036115	21	46	20.24028892	0	54	54	108	21
100	0	5.520078796	52	52	23.00032832	25.30036115	25.30036115	25.30036115	46	46	46	1	1	11.50016416	21	23.00032832	69.00098495	44	44	44	36.80052531	4.600065663	21	25.30036115	21	46	20.24028892	0	54	54	108	21
101	0	5.520078796	52	52	23.00032832	25.30036115	25.30036115	25.30036115	46	46	46	1	1	11.50016416	21	23.00032832	69.00098495	44	44	44	36.80052531	4.600065663	21	25.30036115	21	46	20.24028892	0	54	54	108	21
102	0	5.520078796	52	52	23.00032832	25.30036115	25.30036115	25.30036115	46	46	46	1	1	11.50016416	21	23.00032832	69.00098495	44	44	44	36.80052531	4.600065663	21	25.30036115	21	46	20.24028892	0	54	54	108	21
103	0	5.520078796	52	52	23.00032832	25.30036115	25.30036115	25.30036115	46	46	46	1	1	11.50016416	21	23.00032832	69.00098495	44	44	44	36.80052531	4.600065663	21	25.30036115	21	46	20.24028892	0	54	54	108	21
104	0	5.520078796	52	52	23.00032832	25.30036115	25.30036115	25.30036115	46	46	46	1	1	11.50016416	21	23.00032832	69.00098495	44	44	44	36.80052531	4.600065663	21	25.30036115	21	46	20.24028892	0	54	54	108	21
105	0	5.520078796	52	52	23.00032832	25.30036115	25.30036115	25.30036115	46	46	46	1	1	11.50016416	21	23.00032832	69.00098495	44	44	44	36.80052531	4.600065663	21	25.30036115	21	46	20.24028892	0	54	54	108	21
106	0	5.520078796	52	52	23.00032832	25.30036115	25.30036115	25.30036115	46	46	46	1	1	11.50016416	21	23.00032832	69.00098495	44	44	44	36.80052531	4.600065663	21	25.30036115	21	46	20.24028892	0	54	54	108	21
107	0	5.520078796	52	52	23.00032832	25.30036115	25.30036115	25.30036115	46	46	46	1	1	11.50016416	21	23.00032832	69.00098495	44	44	44	36.80052531	4.600065663	21	25.30036115	21	46	20.24028892	0	54	54	108	21
108	0	5.520078796	52	52	23.00032832	25.30036115	25.30036115	25.30036115	46	46	46	1	1	11.50016416	21	23.00032832	69.00098495	44	44	44	36.80052531	4.600065663	21	25.30036115	21	46	20.24028892	0	54	54	108	21
109	0	5.520078796	52	52	23.00032832	25.30036115	25.30036115	25.30036115	46	46	46	1	1	11.50016416	21	23.00032832	69.00098495	44	44	44	36.80052531	4.600065663	21	25.30036115	21	46	20.24028892	0	54	54	108	21
110	0	5.520078796	52	52	23.00032832	25.30036115	25.30036115	25.30036115	46	46	46	1	1	11.50016416	21	23.00032832	69.00098495	44	44	44	36.80052531	4.600065663	21	25.30036115	21	46	20.24028892	0	54	54	108	21
111	0	5.520078796	52	52	23.00032832	25.30036115	25.30036115	25.30036115	46	46	46	1	1	11.50016416	21	23.00032832	69.00098495	44	44	44	36.80052531	4.600065663	21	25.30036115	21	46	20.24028892	0	54	54	108	21
112	0	5.520078796	52	52	23.00032832	25.30036115	25.30036115	25.30036115	46	46	46	1	1	11.50016416	21	23.00032832	69.00098495	44	44	44	36.80052531	4.600065663	21	25.30036115	21	46	20.24028892	0	54	54	108	21
113	0	5.520078796	52	52	23.00032832	25.30036115	25.30036115	25.30036115	46	46	46	1	1	11.50016416	21	23.00032832	69.00098495	44	44	44	36.80052531	4.600065663	21	25.30036115	21	46	20.24028892	0	54	54	108	21
114	0	5.520078796	52	52	23.00032832	25.30036115	25.30036115	25.30036115	46	46	46	1	1	11.50016416	21	23.00032832	69.00098495	44	44	44	36.80052531	4.600065663	21	25.30036115	21	46	20.24028892	0	54	54	108	21
115	0	5.520078796	52	52	23.00032832	25.30036115	25.30036115	25.30036115	46	46	46	1	1	11.50016416	21	23.00032832	69.00098495	44	44	44	36.80052531	4.600065663	21	25.30036115	21	46	20.24028892	0	54	54	108	21
116	0	5.520078796	52	52	23.00032832	25.30036115	25.30036115	25.30036115	46	46	46	1	1	11.50016416	21	23.00032832	69.00098495	44	44	44	36.80052531	4.600065663	21	25.30036115	21	46	20.24028892	0	54	54	108	21
117	0	5.520078796	52	52	23.00032832	25.30036115	25.30036115	25.30036115	46	46	46	1	1	11.50016416	21	23.00032832	69.00098495	44	44	44	36.80052531	4.600065663	21	25.30036115	21	46	20.24028892	0	54	54	108	21
118	0	5.520078796	52	52	23.00032832	25.30036115	25.30036115	25.30036115	46	46	46	1	1	11.50016416	21	23.00032832	69.00098495	44	44	44	36.80052531	4.600065663	21	25.30036115	21	46	20.24028892	0	54	54	108	21
119	0	5.520078796	52	52	23.00032832	25.30036115	25.30036115	25.30036115	46	46	46	1	1	11.50016416	21	23.00032832	69.00098495	44	44	44	36.80052531	4.600065663	21	25.30036115	21	46	20.24028892	0	54	54	108	21
120	0	5.520078796	52	52	23.00032832	25.30036115	25.30036115	25.30036115	46	46	46	1	1	11.50016416	21	23.00032832	69.00098495	44	44	44	36.80052531	4.600065663	21	25.30036115	21	46	20.24028892	0	54	54	108	21
121	0	5.520078796	52	52	23.00032832	25.30036115	25.30036115	25.30036115	46	46	46	1	1	11.50016416	21	23.00032832	69.00098495	44	44	44	36.80052531	4.600065663	21	25.30036115	21	46	20.24028892	0	54	54	108	21
122	0	5.520078796	52	52	23.00032832	25.30036115	25.30036115	25.30036115	46	46	46	1	1	11.50016416	21	23.00032832	69.00098495	44	44	44	36.80052531	4.600065663	21	25.30036115	21	46	20.24028892	0	54	54	108	21
123	0	5.520078796	52	52	23.00032832	25.30036115	25.30036115	25.30036115	46	46	46	1	1	11.50016416	21	23.00032832	69.00098495	44	44	44	36.80052531	4.600065663	21	25.30036115	21	46	20.24028892	0	54	54	108	21
