Item Level	Armor Multiplier	Weapon Multiplier	Trinket Multiplier	Jewelry Multiplier
1	1.5	1.5	1.5	1.5
2	1.5	1.5	1.5	1.5
3	1.5	1.5	1.5	1.5
4	1.5	1.5	1.5	1.5
5	1.5	1.5	1.5	1.5
6	1.5	1.5	1.5	1.5
7	1.5	1.5	1.5	1.5
8	1.5	1.5	1.5	1.5
9	1.5	1.5	1.5	1.5
10	1.5	1.5	1.5	1.5
11	1.5	1.5	1.5	1.5
12	1.5	1.5	1.5	1.5
13	1.5	1.5	1.5	1.5
14	1.5	1.5	1.5	1.5
15	1.5	1.5	1.5	1.5
16	1.5	1.5	1.5	1.5
17	1.5	1.5	1.5	1.5
18	1.5	1.5	1.5	1.5
19	1.5	1.5	1.5	1.5
20	1.5	1.5	1.5	1.5
21	1.5	1.5	1.5	1.5
22	1.5	1.5	1.5	1.5
23	1.5	1.5	1.5	1.5
24	1.5	1.5	1.5	1.5
25	1.5	1.5	1.5	1.5
26	1.5	1.5	1.5	1.5
27	1.5	1.5	1.5	1.5
28	1.5	1.5	1.5	1.5
29	1.5	1.5	1.5	1.5
30	1.5	1.5	1.5	1.5
31	1.5	1.5	1.5	1.5
32	1.5	1.5	1.5	1.5
33	1.5	1.5	1.5	1.5
34	1.5	1.5	1.5	1.5
35	1.5	1.5	1.5	1.5
36	1.5	1.5	1.5	1.5
37	1.5	1.5	1.5	1.5
38	1.5	1.5	1.5	1.5
39	1.5	1.5	1.5	1.5
40	1.5	1.5	1.5	1.5
41	1.5	1.5	1.5	1.5
42	1.5	1.5	1.5	1.5
43	1.5	1.5	1.5	1.5
44	1.5	1.5	1.5	1.5
45	1.5	1.5	1.5	1.5
46	1.5	1.5	1.5	1.5
47	1.5	1.5	1.5	1.5
48	1.5	1.5	1.5	1.5
49	1.5	1.5	1.5	1.5
50	1.5	1.5	1.5	1.5
51	1.5	1.5	1.5	1.5
52	1.5	1.5	1.5	1.5
53	1.5	1.5	1.5	1.5
54	1.5	1.5	1.5	1.5
55	1.5	1.5	1.5	1.5
56	1.5	1.5	1.5	1.5
57	1.5	1.5	1.5	1.5
58	1.5	1.5	1.5	1.5
59	1.5	1.5	1.5	1.5
60	1.5	1.5	1.5	1.5
61	1.5	1.5	1.5	1.5
62	1.5	1.5	1.5	1.5
63	1.5	1.5	1.5	1.5
64	1.5	1.5	1.5	1.5
65	1.5	1.5	1.5	1.5
66	1.5	1.5	1.5	1.5
67	1.5	1.5	1.5	1.5
68	1.5	1.5	1.5	1.5
69	1.5	1.5	1.5	1.5
70	1.5	1.5	1.5	1.5
71	1.5	1.5	1.5	1.5
72	1.5	1.5	1.5	1.5
73	1.5	1.5	1.5	1.5
74	1.5	1.5	1.5	1.5
75	1.5	1.5	1.5	1.5
76	1.5	1.5	1.5	1.5
77	1.5	1.5	1.5	1.5
78	1.5	1.5	1.5	1.5
79	1.5	1.5	1.5	1.5
80	1.5	1.5	1.5	1.5
81	1.502600812	1.502600812	1.502600812	1.519112909
82	1.505024368	1.505024368	1.505024368	1.537742289
83	1.50727373	1.50727373	1.50727373	1.555895464
84	1.509351923	1.509351923	1.509351923	1.573579665
85	1.511261927	1.511261927	1.511261927	1.590802029
86	1.513006684	1.513006684	1.513006684	1.607569601
87	1.514589093	1.514589093	1.514589093	1.623889337
88	1.516012017	1.516012017	1.516012017	1.6397681
89	1.517278277	1.517278277	1.517278277	1.655212666
90	1.518390657	1.518390657	1.518390657	1.670229722
91	1.519351902	1.519351902	1.519351902	1.684825871
92	1.52016472	1.52016472	1.52016472	1.699007628
93	1.520831781	1.520831781	1.520831781	1.712781423
94	1.521355718	1.521355718	1.521355718	1.726153604
95	1.52173913	1.52173913	1.52173913	1.739130435
96	1.521984578	1.521984578	1.521984578	1.751718099
97	1.522094587	1.522094587	1.522094587	1.763922699
98	1.522071649	1.522071649	1.522071649	1.775750257
99	1.52191822	1.52191822	1.52191822	1.787206718
100	1.521636723	1.521636723	1.521636723	1.798297946
101	1.521229546	1.521229546	1.521229546	1.80902973
102	1.520699045	1.520699045	1.520699045	1.819407786
103	1.520047541	1.520047541	1.520047541	1.829437749
104	1.519277326	1.519277326	1.519277326	1.839125184
105	1.518390657	1.518390657	1.518390657	1.848475582
106	1.51738976	1.51738976	1.51738976	1.857494361
107	1.51627683	1.51627683	1.51627683	1.866186868
108	1.515054032	1.515054032	1.515054032	1.874558379
109	1.513723499	1.513723499	1.513723499	1.8826141
110	1.512287335	1.512287335	1.512287335	1.890359168
111	1.510747612	1.510747612	1.510747612	1.897798653
112	1.509106377	1.509106377	1.509106377	1.904937557
113	1.507365643	1.507365643	1.507365643	1.911780815
114	1.505527398	1.505527398	1.505527398	1.918333297
115	1.5035936	1.5035936	1.5035936	1.924599808
116	1.501566179	1.501566179	1.501566179	1.930585088
117	1.499447039	1.499447039	1.499447039	1.936293815
118	1.497238055	1.497238055	1.497238055	1.941730603
119	1.494941076	1.494941076	1.494941076	1.946900006
120	1.492557923	1.492557923	1.492557923	1.951806515
121	1.490090394	1.490090394	1.490090394	1.956454563
122	1.487540257	1.487540257	1.487540257	1.960848521
123	1.484909258	1.484909258	1.484909258	1.964992702
124	1.482199115	1.482199115	1.482199115	1.968891362
125	1.479411523	1.479411523	1.479411523	1.972548697
126	1.476548151	1.476548151	1.476548151	1.97596885
127	1.473610646	1.473610646	1.473610646	1.979155904
128	1.470600627	1.470600627	1.470600627	1.982113889
129	1.467519694	1.467519694	1.467519694	1.98484678
130	1.464369419	1.464369419	1.464369419	1.987358497
131	1.461151355	1.461151355	1.461151355	1.989652909
132	1.457867029	1.457867029	1.457867029	1.991733828
133	1.454517948	1.454517948	1.454517948	1.993605019
134	1.451105594	1.451105594	1.451105594	1.995270192
135	1.447631431	1.447631431	1.447631431	1.996733008
136	1.444096897	1.444096897	1.444096897	1.997997076
137	1.440503411	1.440503411	1.440503411	1.999065958
138	1.436852371	1.436852371	1.436852371	1.999943165
139	1.433145153	1.433145153	1.433145153	2.00063216
140	1.429383114	1.429383114	1.429383114	2.00113636
141	1.425567589	1.425567589	1.425567589	2.001459131
142	1.421699893	1.421699893	1.421699893	2.001603797
143	1.417781323	1.417781323	1.417781323	2.001573633
144	1.413813155	1.413813155	1.413813155	2.001371869
145	1.409796646	1.409796646	1.409796646	2.001001691
146	1.405733033	1.405733033	1.405733033	2.00046624
147	1.401623537	1.401623537	1.401623537	1.999768613
148	1.397469357	1.397469357	1.397469357	1.998911865
149	1.393271676	1.393271676	1.393271676	1.997899007
150	1.389031658	1.389031658	1.389031658	1.996733008
151	1.384750449	1.384750449	1.384750449	1.995416796
152	1.380429178	1.380429178	1.380429178	1.993953258
153	1.376068957	1.376068957	1.376068957	1.992345238
154	1.371670879	1.371670879	1.371670879	1.990595544
155	1.367236022	1.367236022	1.367236022	1.988706941
156	1.362765446	1.362765446	1.362765446	1.986682156
157	1.358260195	1.358260195	1.358260195	1.984523878
158	1.353721297	1.353721297	1.353721297	1.982234757
159	1.349149764	1.349149764	1.349149764	1.979817405
160	1.344546591	1.344546591	1.344546591	1.977274398
161	1.339912757	1.339912757	1.339912757	1.974608274
162	1.335249229	1.335249229	1.335249229	1.971821536
163	1.330556955	1.330556955	1.330556955	1.96891665
164	1.32583687	1.32583687	1.32583687	1.965896048
165	1.321089892	1.321089892	1.321089892	1.962762125
166	1.316316927	1.316316927	1.316316927	1.959517244
167	1.311518865	1.311518865	1.311518865	1.956163731
168	1.306696582	1.306696582	1.306696582	1.952703881
169	1.30185094	1.30185094	1.30185094	1.949139956
170	1.296982788	1.296982788	1.296982788	1.945474182
171	1.295899066	1.295899066	1.295899066	1.929825094
172	1.294816251	1.294816251	1.294816251	1.914301885
173	1.29373434	1.29373434	1.29373434	1.898903542
174	1.292653333	1.292653333	1.292653333	1.883629061
175	1.291573229	1.291573229	1.291573229	1.868477445
176	1.290494028	1.290494028	1.290494028	1.853447707
177	1.289415728	1.289415728	1.289415728	1.838538866
178	1.28833833	1.28833833	1.28833833	1.823749949
179	1.287261831	1.287261831	1.287261831	1.809079991
180	1.286186233	1.286186233	1.286186233	1.794528037
181	1.285111533	1.285111533	1.285111533	1.780093136
182	1.284037731	1.284037731	1.284037731	1.765774347
183	1.282964826	1.282964826	1.282964826	1.751570737
184	1.281892818	1.281892818	1.281892818	1.737481378
185	1.280821705	1.280821705	1.280821705	1.723505351
186	1.279751487	1.279751487	1.279751487	1.709641746
187	1.278682164	1.278682164	1.278682164	1.695889657
188	1.277613734	1.277613734	1.277613734	1.682248187
189	1.276546197	1.276546197	1.276546197	1.668716448
190	1.275479552	1.275479552	1.275479552	1.655293556
191	1.274413798	1.274413798	1.274413798	1.641978635
192	1.273348935	1.273348935	1.273348935	1.628770818
193	1.272284961	1.272284961	1.272284961	1.615669242
194	1.271221877	1.271221877	1.271221877	1.602673053
195	1.270159681	1.270159681	1.270159681	1.589781403
196	1.269098372	1.269098372	1.269098372	1.576993452
197	1.26803795	1.26803795	1.26803795	1.564308365
198	1.266978414	1.266978414	1.266978414	1.551725315
199	1.265919764	1.265919764	1.265919764	1.539243481
200	1.264861998	1.264861998	1.264861998	1.526862049
201	1.263805116	1.263805116	1.263805116	1.514580211
202	1.262749117	1.262749117	1.262749117	1.502397167
203	1.261694	1.261694	1.261694	1.49031212
204	1.260639765	1.260639765	1.260639765	1.478324284
205	1.259586411	1.259586411	1.259586411	1.466432877
206	1.258533937	1.258533937	1.258533937	1.454637122
207	1.257482342	1.257482342	1.257482342	1.44293625
208	1.256431627	1.256431627	1.256431627	1.431329498
209	1.255381789	1.255381789	1.255381789	1.419816109
210	1.254332828	1.254332828	1.254332828	1.408395332
211	1.253284744	1.253284744	1.253284744	1.397066422
212	1.252237535	1.252237535	1.252237535	1.385828639
213	1.251191202	1.251191202	1.251191202	1.374681252
214	1.250145743	1.250145743	1.250145743	1.363623533
215	1.249101157	1.249101157	1.249101157	1.35265476
216	1.248057444	1.248057444	1.248057444	1.341774218
217	1.247014603	1.247014603	1.247014603	1.330981198
218	1.245972634	1.245972634	1.245972634	1.320274994
219	1.244931535	1.244931535	1.244931535	1.30965491
220	1.243891307	1.243891307	1.243891307	1.299120253
221	1.242851947	1.242851947	1.242851947	1.288670334
222	1.241813456	1.241813456	1.241813456	1.278304473
223	1.240775832	1.240775832	1.240775832	1.268021993
224	1.239739076	1.239739076	1.239739076	1.257822224
225	1.238703186	1.238703186	1.238703186	1.2477045
226	1.237668161	1.237668161	1.237668161	1.237668161
227	1.234921174	1.234921174	1.234921174	1.243652557
228	1.232118687	1.232118687	1.232118687	1.249419499
229	1.229261965	1.229261965	1.229261965	1.254972506
230	1.226352255	1.226352255	1.226352255	1.260315051
231	1.223390786	1.223390786	1.223390786	1.265450559
232	1.220378768	1.220378768	1.220378768	1.270382412
233	1.217317394	1.217317394	1.217317394	1.275113944
234	1.214207838	1.214207838	1.214207838	1.279648448
235	1.211051257	1.211051257	1.211051257	1.28398917
236	1.20784879	1.20784879	1.20784879	1.288139317
237	1.204601561	1.204601561	1.204601561	1.292102047
238	1.201310675	1.201310675	1.201310675	1.295880482
239	1.197977221	1.197977221	1.197977221	1.299477699
240	1.194602271	1.194602271	1.194602271	1.302896734
241	1.191186883	1.191186883	1.191186883	1.306140582
242	1.187732096	1.187732096	1.187732096	1.3092122
243	1.184238936	1.184238936	1.184238936	1.312114501
244	1.18070841	1.18070841	1.18070841	1.314850364
245	1.177141512	1.177141512	1.177141512	1.317422625
246	1.173539222	1.173539222	1.173539222	1.319834084
247	1.169902501	1.169902501	1.169902501	1.322087502
248	1.166232299	1.166232299	1.166232299	1.324185603
249	1.162529549	1.162529549	1.162529549	1.326131074
250	1.158795171	1.158795171	1.158795171	1.327926565
251	1.155030069	1.155030069	1.155030069	1.329574692
252	1.151235136	1.151235136	1.151235136	1.331078033
253	1.147411247	1.147411247	1.147411247	1.332439132
254	1.143559267	1.143559267	1.143559267	1.333660498
255	1.139680046	1.139680046	1.139680046	1.334744606
256	1.135774419	1.135774419	1.135774419	1.335693896
257	1.131843211	1.131843211	1.131843211	1.336510777
258	1.127887232	1.127887232	1.127887232	1.337197621
259	1.12390728	1.12390728	1.12390728	1.337756772
260	1.119904139	1.119904139	1.119904139	1.338190538
261	1.115878581	1.115878581	1.115878581	1.338501198
262	1.111831368	1.111831368	1.111831368	1.338690996
263	1.107763246	1.107763246	1.107763246	1.338762149
264	1.103674953	1.103674953	1.103674953	1.338716841
265	1.099567211	1.099567211	1.099567211	1.338557225
266	1.095440733	1.095440733	1.095440733	1.338285426
267	1.09129622	1.09129622	1.09129622	1.337903538
268	1.087134362	1.087134362	1.087134362	1.337413627
269	1.082955837	1.082955837	1.082955837	1.336817729
270	1.078761311	1.078761311	1.078761311	1.336117852
271	1.074551442	1.074551442	1.074551442	1.335315977
272	1.070326873	1.070326873	1.070326873	1.334414054
273	1.066088241	1.066088241	1.066088241	1.33341401
274	1.061836169	1.061836169	1.061836169	1.332317741
275	1.057571271	1.057571271	1.057571271	1.331127118
276	1.053294151	1.053294151	1.053294151	1.329843986
277	1.049005403	1.049005403	1.049005403	1.328470162
278	1.044705609	1.044705609	1.044705609	1.327007441
279	1.040395344	1.040395344	1.040395344	1.325457588
280	1.036075171	1.036075171	1.036075171	1.323822345
281	1.031745646	1.031745646	1.031745646	1.322103431
282	1.027407313	1.027407313	1.027407313	1.320302536
283	1.023060708	1.023060708	1.023060708	1.318421331
284	1.018706357	1.018706357	1.018706357	1.316461458
285	1.014344779	1.014344779	1.014344779	1.31442454
286	1.009976481	1.009976481	1.009976481	1.312312174
287	1.005601964	1.005601964	1.005601964	1.310125934
288	1.001221718	1.001221718	1.001221718	1.307867373
289	0.996836226	0.996836226	0.996836226	1.30553802
290	0.992445963	0.992445963	0.992445963	1.303139382
291	0.988051393	0.988051393	0.988051393	1.300672944
292	0.983652974	0.983652974	0.983652974	1.298140172
293	0.979251156	0.979251156	0.979251156	1.295542506
294	0.97484638	0.97484638	0.97484638	1.29288137
295	0.97043908	0.97043908	0.97043908	1.290158162
296	0.966029681	0.966029681	0.966029681	1.287374264
297	0.9616186	0.9616186	0.9616186	1.284531036
298	0.95720625	0.95720625	0.95720625	1.281629817
299	0.952793032	0.952793032	0.952793032	1.278671928
300	0.948379342	0.948379342	0.948379342	1.275658669
301	0.943965569	0.943965569	0.943965569	1.272591322
302	0.939552093	0.939552093	0.939552093	1.269471149
303	0.935139289	0.935139289	0.935139289	1.266299394
304	0.930727525	0.930727525	0.930727525	1.263077282
305	0.926317159	0.926317159	0.926317159	1.259806019
306	0.921908546	0.921908546	0.921908546	1.256486795
307	0.917502032	0.917502032	0.917502032	1.253120781
308	0.913097959	0.913097959	0.913097959	1.24970913
309	0.908696659	0.908696659	0.908696659	1.246252977
310	0.904298459	0.904298459	0.904298459	1.242753443
311	0.899903682	0.899903682	0.899903682	1.239211628
312	0.895512641	0.895512641	0.895512641	1.235628618
313	0.891125646	0.891125646	0.891125646	1.232005481
314	0.886742999	0.886742999	0.886742999	1.228343271
315	0.882364997	0.882364997	0.882364997	1.224643024
316	0.87799193	0.87799193	0.87799193	1.220905759
317	0.873624084	0.873624084	0.873624084	1.217132483
318	0.869261738	0.869261738	0.869261738	1.213324184
319	0.864905165	0.864905165	0.864905165	1.209481836
320	0.860554634	0.860554634	0.860554634	1.205606399
321	0.856210407	0.856210407	0.856210407	1.201698816
322	0.851872741	0.851872741	0.851872741	1.197760018
323	0.847541889	0.847541889	0.847541889	1.19379092
324	0.843218098	0.843218098	0.843218098	1.189792422
325	0.838901608	0.838901608	0.838901608	1.185765411
326	0.834592656	0.834592656	0.834592656	1.181710759
327	0.830291474	0.830291474	0.830291474	1.177629327
328	0.825998288	0.825998288	0.825998288	1.173521958
329	0.82171332	0.82171332	0.82171332	1.169389487
330	0.817436787	0.817436787	0.817436787	1.16523273
331	0.8131689	0.8131689	0.8131689	1.161052495
332	0.808909867	0.808909867	0.808909867	1.156849574
333	0.804659892	0.804659892	0.804659892	1.152624747
334	0.800419171	0.800419171	0.800419171	1.148378783
335	0.7961879	0.7961879	0.7961879	1.144112437
336	0.791966268	0.791966268	0.791966268	1.139826452
337	0.787754459	0.787754459	0.787754459	1.135521559
338	0.783552656	0.783552656	0.783552656	1.131198477
339	0.779361033	0.779361033	0.779361033	1.126857915
340	0.775179765	0.775179765	0.775179765	1.122500569
341	0.771009019	0.771009019	0.771009019	1.118127122
342	0.76684896	0.76684896	0.76684896	1.113738249
343	0.762699748	0.762699748	0.762699748	1.109334611
344	0.758561541	0.758561541	0.758561541	1.10491686
345	0.75443449	0.75443449	0.75443449	1.100485637
346	0.750318745	0.750318745	0.750318745	1.096041572
347	0.746214451	0.746214451	0.746214451	1.091585283
348	0.742121749	0.742121749	0.742121749	1.08711738
349	0.738040778	0.738040778	0.738040778	1.082638462
350	0.733971673	0.733971673	0.733971673	1.078149116
351	0.729914563	0.729914563	0.729914563	1.073649922
352	0.725869577	0.725869577	0.725869577	1.069141449
353	0.721836838	0.721836838	0.721836838	1.064624256
354	0.717816468	0.717816468	0.717816468	1.060098891
355	0.713808583	0.713808583	0.713808583	1.055565896
356	0.709813298	0.709813298	0.709813298	1.0510258
357	0.705830725	0.705830725	0.705830725	1.046479127
358	0.70186097	0.70186097	0.70186097	1.041926387
359	0.697904138	0.697904138	0.697904138	1.037368085
360	0.693960332	0.693960332	0.693960332	1.032804715
361	0.69002965	0.69002965	0.69002965	1.028236764
362	0.686112188	0.686112188	0.686112188	1.023664709
363	0.682208039	0.682208039	0.682208039	1.019089019
364	0.678317292	0.678317292	0.678317292	1.014510154
365	0.674440036	0.674440036	0.674440036	1.009928567
366	0.670576353	0.670576353	0.670576353	1.005344703
367	0.666726327	0.666726327	0.666726327	1.000758998
368	0.662890036	0.662890036	0.662890036	0.996171879
369	0.659067556	0.659067556	0.659067556	0.991583769
370	0.655258961	0.655258961	0.655258961	0.986995079
371	0.651464323	0.651464323	0.651464323	0.982406215
372	0.64768371	0.64768371	0.64768371	0.977817575
373	0.643917189	0.643917189	0.643917189	0.973229549
374	0.640164823	0.640164823	0.640164823	0.968642522
375	0.636426673	0.636426673	0.636426673	0.964056868
376	0.632702799	0.632702799	0.632702799	0.959472957
377	0.628993257	0.628993257	0.628993257	0.954891151
378	0.625298102	0.625298102	0.625298102	0.950311805
379	0.621617387	0.621617387	0.621617387	0.945735268
380	0.61795116	0.61795116	0.61795116	0.941161882
381	0.61429947	0.61429947	0.61429947	0.936591981
382	0.610662363	0.610662363	0.610662363	0.932025895
383	0.607039882	0.607039882	0.607039882	0.927463945
384	0.603432069	0.603432069	0.603432069	0.922906448
385	0.599838963	0.599838963	0.599838963	0.918353713
386	0.596260601	0.596260601	0.596260601	0.913806044
387	0.59269702	0.59269702	0.59269702	0.90926374
388	0.589148253	0.589148253	0.589148253	0.90472709
389	0.585614332	0.585614332	0.585614332	0.900196382
390	0.582095286	0.582095286	0.582095286	0.895671895
391	0.578591143	0.578591143	0.578591143	0.891153903
392	0.575101931	0.575101931	0.575101931	0.886642676
393	0.571627672	0.571627672	0.571627672	0.882138475
394	0.568168391	0.568168391	0.568168391	0.87764156
395	0.564724108	0.564724108	0.564724108	0.873152182
396	0.561294842	0.561294842	0.561294842	0.868670588
397	0.557880611	0.557880611	0.557880611	0.864197021
398	0.554481431	0.554481431	0.554481431	0.859731715
399	0.551097317	0.551097317	0.551097317	0.855274904
400	0.547728282	0.547728282	0.547728282	0.850826814
401	0.544374336	0.544374336	0.544374336	0.846387665
402	0.54103549	0.54103549	0.54103549	0.841957676
403	0.537711753	0.537711753	0.537711753	0.837537057
404	0.53440313	0.53440313	0.53440313	0.833126016
405	0.531109629	0.531109629	0.531109629	0.828724756
406	0.527831252	0.527831252	0.527831252	0.824333475
407	0.524568002	0.524568002	0.524568002	0.819952365
408	0.521319882	0.521319882	0.521319882	0.815581617
409	0.51808689	0.51808689	0.51808689	0.811221414
410	0.514869027	0.514869027	0.514869027	0.806871937
411	0.511666288	0.511666288	0.511666288	0.802533363
412	0.508478671	0.508478671	0.508478671	0.798205862
413	0.50530617	0.50530617	0.50530617	0.793889603
414	0.502148779	0.502148779	0.502148779	0.78958475
415	0.499006492	0.499006492	0.499006492	0.785291462
416	0.495879298	0.495879298	0.495879298	0.781009895
417	0.495879298	0.495879298	0.495879298	0.781009895
418	0.495879298	0.495879298	0.495879298	0.781009895
419	0.495879298	0.495879298	0.495879298	0.781009895
420	0.495879298	0.495879298	0.495879298	0.781009895
421	0.495879298	0.495879298	0.495879298	0.781009895
422	0.495879298	0.495879298	0.495879298	0.781009895
423	0.495879298	0.495879298	0.495879298	0.781009895
424	0.495879298	0.495879298	0.495879298	0.781009895
425	0.495879298	0.495879298	0.495879298	0.781009895
426	0.495879298	0.495879298	0.495879298	0.781009895
427	0.495879298	0.495879298	0.495879298	0.781009895
428	0.495879298	0.495879298	0.495879298	0.781009895
429	0.495879298	0.495879298	0.495879298	0.781009895
430	0.495879298	0.495879298	0.495879298	0.781009895
431	0.495879298	0.495879298	0.495879298	0.781009895
432	0.495879298	0.495879298	0.495879298	0.781009895
433	0.495879298	0.495879298	0.495879298	0.781009895
434	0.495879298	0.495879298	0.495879298	0.781009895
435	0.495879298	0.495879298	0.495879298	0.781009895
436	0.495879298	0.495879298	0.495879298	0.781009895
437	0.495879298	0.495879298	0.495879298	0.781009895
438	0.495879298	0.495879298	0.495879298	0.781009895
439	0.495879298	0.495879298	0.495879298	0.781009895
440	0.495879298	0.495879298	0.495879298	0.781009895
441	0.495879298	0.495879298	0.495879298	0.781009895
442	0.495879298	0.495879298	0.495879298	0.781009895
443	0.495879298	0.495879298	0.495879298	0.781009895
444	0.495879298	0.495879298	0.495879298	0.781009895
445	0.495879298	0.495879298	0.495879298	0.781009895
446	0.495879298	0.495879298	0.495879298	0.781009895
447	0.495879298	0.495879298	0.495879298	0.781009895
448	0.495879298	0.495879298	0.495879298	0.781009895
449	0.495879298	0.495879298	0.495879298	0.781009895
450	0.495879298	0.495879298	0.495879298	0.781009895
451	0.495879298	0.495879298	0.495879298	0.781009895
452	0.495879298	0.495879298	0.495879298	0.781009895
453	0.495879298	0.495879298	0.495879298	0.781009895
454	0.495879298	0.495879298	0.495879298	0.781009895
455	0.495879298	0.495879298	0.495879298	0.781009895
456	0.495879298	0.495879298	0.495879298	0.781009895
457	0.495879298	0.495879298	0.495879298	0.781009895
458	0.495879298	0.495879298	0.495879298	0.781009895
459	0.495879298	0.495879298	0.495879298	0.781009895
460	0.495879298	0.495879298	0.495879298	0.781009895
461	0.495879298	0.495879298	0.495879298	0.781009895
462	0.495879298	0.495879298	0.495879298	0.781009895
463	0.495879298	0.495879298	0.495879298	0.781009895
464	0.495879298	0.495879298	0.495879298	0.781009895
465	0.495879298	0.495879298	0.495879298	0.781009895
466	0.495879298	0.495879298	0.495879298	0.781009895
467	0.495879298	0.495879298	0.495879298	0.781009895
468	0.495879298	0.495879298	0.495879298	0.781009895
469	0.495879298	0.495879298	0.495879298	0.781009895
470	0.495879298	0.495879298	0.495879298	0.781009895
471	0.495879298	0.495879298	0.495879298	0.781009895
472	0.495879298	0.495879298	0.495879298	0.781009895
473	0.495879298	0.495879298	0.495879298	0.781009895
474	0.495879298	0.495879298	0.495879298	0.781009895
475	0.495879298	0.495879298	0.495879298	0.781009895
476	0.495879298	0.495879298	0.495879298	0.781009895
477	0.495879298	0.495879298	0.495879298	0.781009895
478	0.495879298	0.495879298	0.495879298	0.781009895
479	0.495879298	0.495879298	0.495879298	0.781009895
480	0.495879298	0.495879298	0.495879298	0.781009895
481	0.495879298	0.495879298	0.495879298	0.781009895
482	0.495879298	0.495879298	0.495879298	0.781009895
483	0.495879298	0.495879298	0.495879298	0.781009895
484	0.495879298	0.495879298	0.495879298	0.781009895
485	0.495879298	0.495879298	0.495879298	0.781009895
486	0.495879298	0.495879298	0.495879298	0.781009895
487	0.495879298	0.495879298	0.495879298	0.781009895
488	0.495879298	0.495879298	0.495879298	0.781009895
489	0.495879298	0.495879298	0.495879298	0.781009895
490	0.495879298	0.495879298	0.495879298	0.781009895
491	0.495879298	0.495879298	0.495879298	0.781009895
492	0.495879298	0.495879298	0.495879298	0.781009895
493	0.495879298	0.495879298	0.495879298	0.781009895
494	0.495879298	0.495879298	0.495879298	0.781009895
495	0.495879298	0.495879298	0.495879298	0.781009895
496	0.495879298	0.495879298	0.495879298	0.781009895
497	0.495879298	0.495879298	0.495879298	0.781009895
498	0.495879298	0.495879298	0.495879298	0.781009895
499	0.495879298	0.495879298	0.495879298	0.781009895
500	0.495879298	0.495879298	0.495879298	0.781009895
501	0.495879298	0.495879298	0.495879298	0.781009895
502	0.495879298	0.495879298	0.495879298	0.781009895
503	0.495879298	0.495879298	0.495879298	0.781009895
504	0.495879298	0.495879298	0.495879298	0.781009895
505	0.495879298	0.495879298	0.495879298	0.781009895
506	0.495879298	0.495879298	0.495879298	0.781009895
507	0.495879298	0.495879298	0.495879298	0.781009895
508	0.495879298	0.495879298	0.495879298	0.781009895
509	0.495879298	0.495879298	0.495879298	0.781009895
510	0.495879298	0.495879298	0.495879298	0.781009895
511	0.495879298	0.495879298	0.495879298	0.781009895
512	0.495879298	0.495879298	0.495879298	0.781009895
513	0.495879298	0.495879298	0.495879298	0.781009895
514	0.495879298	0.495879298	0.495879298	0.781009895
515	0.495879298	0.495879298	0.495879298	0.781009895
516	0.495879298	0.495879298	0.495879298	0.781009895
517	0.495879298	0.495879298	0.495879298	0.781009895
518	0.495879298	0.495879298	0.495879298	0.781009895
519	0.495879298	0.495879298	0.495879298	0.781009895
520	0.495879298	0.495879298	0.495879298	0.781009895
521	0.495879298	0.495879298	0.495879298	0.781009895
522	0.495879298	0.495879298	0.495879298	0.781009895
523	0.495879298	0.495879298	0.495879298	0.781009895
524	0.495879298	0.495879298	0.495879298	0.781009895
525	0.495879298	0.495879298	0.495879298	0.781009895
526	0.495879298	0.495879298	0.495879298	0.781009895
527	0.495879298	0.495879298	0.495879298	0.781009895
528	0.495879298	0.495879298	0.495879298	0.781009895
529	0.495879298	0.495879298	0.495879298	0.781009895
530	0.495879298	0.495879298	0.495879298	0.781009895
531	0.495879298	0.495879298	0.495879298	0.781009895
532	0.495879298	0.495879298	0.495879298	0.781009895
533	0.495879298	0.495879298	0.495879298	0.781009895
534	0.495879298	0.495879298	0.495879298	0.781009895
535	0.495879298	0.495879298	0.495879298	0.781009895
536	0.495879298	0.495879298	0.495879298	0.781009895
537	0.495879298	0.495879298	0.495879298	0.781009895
538	0.495879298	0.495879298	0.495879298	0.781009895
539	0.495879298	0.495879298	0.495879298	0.781009895
540	0.495879298	0.495879298	0.495879298	0.781009895
541	0.495879298	0.495879298	0.495879298	0.781009895
542	0.495879298	0.495879298	0.495879298	0.781009895
543	0.495879298	0.495879298	0.495879298	0.781009895
544	0.495879298	0.495879298	0.495879298	0.781009895
545	0.495879298	0.495879298	0.495879298	0.781009895
546	0.495879298	0.495879298	0.495879298	0.781009895
547	0.495879298	0.495879298	0.495879298	0.781009895
548	0.495879298	0.495879298	0.495879298	0.781009895
549	0.495879298	0.495879298	0.495879298	0.781009895
550	0.495879298	0.495879298	0.495879298	0.781009895
551	0.495879298	0.495879298	0.495879298	0.781009895
552	0.495879298	0.495879298	0.495879298	0.781009895
553	0.495879298	0.495879298	0.495879298	0.781009895
554	0.495879298	0.495879298	0.495879298	0.781009895
555	0.495879298	0.495879298	0.495879298	0.781009895
556	0.495879298	0.495879298	0.495879298	0.781009895
557	0.495879298	0.495879298	0.495879298	0.781009895
558	0.495879298	0.495879298	0.495879298	0.781009895
559	0.495879298	0.495879298	0.495879298	0.781009895
560	0.495879298	0.495879298	0.495879298	0.781009895
561	0.495879298	0.495879298	0.495879298	0.781009895
562	0.495879298	0.495879298	0.495879298	0.781009895
563	0.495879298	0.495879298	0.495879298	0.781009895
564	0.495879298	0.495879298	0.495879298	0.781009895
565	0.495879298	0.495879298	0.495879298	0.781009895
566	0.495879298	0.495879298	0.495879298	0.781009895
567	0.495879298	0.495879298	0.495879298	0.781009895
568	0.495879298	0.495879298	0.495879298	0.781009895
569	0.495879298	0.495879298	0.495879298	0.781009895
570	0.495879298	0.495879298	0.495879298	0.781009895
571	0.495879298	0.495879298	0.495879298	0.781009895
572	0.495879298	0.495879298	0.495879298	0.781009895
573	0.495879298	0.495879298	0.495879298	0.781009895
574	0.495879298	0.495879298	0.495879298	0.781009895
575	0.495879298	0.495879298	0.495879298	0.781009895
576	0.495879298	0.495879298	0.495879298	0.781009895
577	0.495879298	0.495879298	0.495879298	0.781009895
578	0.495879298	0.495879298	0.495879298	0.781009895
579	0.495879298	0.495879298	0.495879298	0.781009895
580	0.495879298	0.495879298	0.495879298	0.781009895
581	0.495879298	0.495879298	0.495879298	0.781009895
582	0.495879298	0.495879298	0.495879298	0.781009895
583	0.495879298	0.495879298	0.495879298	0.781009895
584	0.495879298	0.495879298	0.495879298	0.781009895
585	0.495879298	0.495879298	0.495879298	0.781009895
586	0.495879298	0.495879298	0.495879298	0.781009895
587	0.495879298	0.495879298	0.495879298	0.781009895
588	0.495879298	0.495879298	0.495879298	0.781009895
589	0.495879298	0.495879298	0.495879298	0.781009895
590	0.495879298	0.495879298	0.495879298	0.781009895
591	0.495879298	0.495879298	0.495879298	0.781009895
592	0.495879298	0.495879298	0.495879298	0.781009895
593	0.495879298	0.495879298	0.495879298	0.781009895
594	0.495879298	0.495879298	0.495879298	0.781009895
595	0.495879298	0.495879298	0.495879298	0.781009895
596	0.495879298	0.495879298	0.495879298	0.781009895
597	0.495879298	0.495879298	0.495879298	0.781009895
598	0.495879298	0.495879298	0.495879298	0.781009895
599	0.495879298	0.495879298	0.495879298	0.781009895
600	0.495879298	0.495879298	0.495879298	0.781009895
601	0.495879298	0.495879298	0.495879298	0.781009895
602	0.495879298	0.495879298	0.495879298	0.781009895
603	0.495879298	0.495879298	0.495879298	0.781009895
604	0.495879298	0.495879298	0.495879298	0.781009895
605	0.495879298	0.495879298	0.495879298	0.781009895
606	0.495879298	0.495879298	0.495879298	0.781009895
607	0.495879298	0.495879298	0.495879298	0.781009895
608	0.495879298	0.495879298	0.495879298	0.781009895
609	0.495879298	0.495879298	0.495879298	0.781009895
610	0.495879298	0.495879298	0.495879298	0.781009895
611	0.495879298	0.495879298	0.495879298	0.781009895
612	0.495879298	0.495879298	0.495879298	0.781009895
613	0.495879298	0.495879298	0.495879298	0.781009895
614	0.495879298	0.495879298	0.495879298	0.781009895
615	0.495879298	0.495879298	0.495879298	0.781009895
616	0.495879298	0.495879298	0.495879298	0.781009895
617	0.495879298	0.495879298	0.495879298	0.781009895
618	0.495879298	0.495879298	0.495879298	0.781009895
619	0.495879298	0.495879298	0.495879298	0.781009895
620	0.495879298	0.495879298	0.495879298	0.781009895
621	0.495879298	0.495879298	0.495879298	0.781009895
622	0.495879298	0.495879298	0.495879298	0.781009895
623	0.495879298	0.495879298	0.495879298	0.781009895
624	0.495879298	0.495879298	0.495879298	0.781009895
625	0.495879298	0.495879298	0.495879298	0.781009895
626	0.495879298	0.495879298	0.495879298	0.781009895
627	0.495879298	0.495879298	0.495879298	0.781009895
628	0.495879298	0.495879298	0.495879298	0.781009895
629	0.495879298	0.495879298	0.495879298	0.781009895
630	0.495879298	0.495879298	0.495879298	0.781009895
631	0.495879298	0.495879298	0.495879298	0.781009895
632	0.495879298	0.495879298	0.495879298	0.781009895
633	0.495879298	0.495879298	0.495879298	0.781009895
634	0.495879298	0.495879298	0.495879298	0.781009895
635	0.495879298	0.495879298	0.495879298	0.781009895
636	0.495879298	0.495879298	0.495879298	0.781009895
637	0.495879298	0.495879298	0.495879298	0.781009895
638	0.495879298	0.495879298	0.495879298	0.781009895
639	0.495879298	0.495879298	0.495879298	0.781009895
640	0.495879298	0.495879298	0.495879298	0.781009895
641	0.495879298	0.495879298	0.495879298	0.781009895
642	0.495879298	0.495879298	0.495879298	0.781009895
643	0.495879298	0.495879298	0.495879298	0.781009895
644	0.495879298	0.495879298	0.495879298	0.781009895
645	0.495879298	0.495879298	0.495879298	0.781009895
646	0.495879298	0.495879298	0.495879298	0.781009895
647	0.495879298	0.495879298	0.495879298	0.781009895
648	0.495879298	0.495879298	0.495879298	0.781009895
649	0.495879298	0.495879298	0.495879298	0.781009895
650	0.495879298	0.495879298	0.495879298	0.781009895
651	0.495879298	0.495879298	0.495879298	0.781009895
652	0.495879298	0.495879298	0.495879298	0.781009895
653	0.495879298	0.495879298	0.495879298	0.781009895
654	0.495879298	0.495879298	0.495879298	0.781009895
655	0.495879298	0.495879298	0.495879298	0.781009895
656	0.495879298	0.495879298	0.495879298	0.781009895
657	0.495879298	0.495879298	0.495879298	0.781009895
658	0.495879298	0.495879298	0.495879298	0.781009895
659	0.495879298	0.495879298	0.495879298	0.781009895
660	0.495879298	0.495879298	0.495879298	0.781009895
661	0.495879298	0.495879298	0.495879298	0.781009895
662	0.495879298	0.495879298	0.495879298	0.781009895
663	0.495879298	0.495879298	0.495879298	0.781009895
664	0.495879298	0.495879298	0.495879298	0.781009895
665	0.495879298	0.495879298	0.495879298	0.781009895
666	0.495879298	0.495879298	0.495879298	0.781009895
667	0.495879298	0.495879298	0.495879298	0.781009895
668	0.495879298	0.495879298	0.495879298	0.781009895
669	0.495879298	0.495879298	0.495879298	0.781009895
670	0.495879298	0.495879298	0.495879298	0.781009895
671	0.495879298	0.495879298	0.495879298	0.781009895
672	0.495879298	0.495879298	0.495879298	0.781009895
673	0.495879298	0.495879298	0.495879298	0.781009895
674	0.495879298	0.495879298	0.495879298	0.781009895
675	0.495879298	0.495879298	0.495879298	0.781009895
676	0.495879298	0.495879298	0.495879298	0.781009895
677	0.495879298	0.495879298	0.495879298	0.781009895
678	0.495879298	0.495879298	0.495879298	0.781009895
679	0.495879298	0.495879298	0.495879298	0.781009895
680	0.495879298	0.495879298	0.495879298	0.781009895
681	0.495879298	0.495879298	0.495879298	0.781009895
682	0.495879298	0.495879298	0.495879298	0.781009895
683	0.495879298	0.495879298	0.495879298	0.781009895
684	0.495879298	0.495879298	0.495879298	0.781009895
685	0.495879298	0.495879298	0.495879298	0.781009895
686	0.495879298	0.495879298	0.495879298	0.781009895
687	0.495879298	0.495879298	0.495879298	0.781009895
688	0.495879298	0.495879298	0.495879298	0.781009895
689	0.495879298	0.495879298	0.495879298	0.781009895
690	0.495879298	0.495879298	0.495879298	0.781009895
691	0.495879298	0.495879298	0.495879298	0.781009895
692	0.495879298	0.495879298	0.495879298	0.781009895
693	0.495879298	0.495879298	0.495879298	0.781009895
694	0.495879298	0.495879298	0.495879298	0.781009895
695	0.495879298	0.495879298	0.495879298	0.781009895
696	0.495879298	0.495879298	0.495879298	0.781009895
697	0.495879298	0.495879298	0.495879298	0.781009895
698	0.495879298	0.495879298	0.495879298	0.781009895
699	0.495879298	0.495879298	0.495879298	0.781009895
700	0.495879298	0.495879298	0.495879298	0.781009895
701	0.495879298	0.495879298	0.495879298	0.781009895
702	0.495879298	0.495879298	0.495879298	0.781009895
703	0.495879298	0.495879298	0.495879298	0.781009895
704	0.495879298	0.495879298	0.495879298	0.781009895
705	0.495879298	0.495879298	0.495879298	0.781009895
706	0.495879298	0.495879298	0.495879298	0.781009895
707	0.495879298	0.495879298	0.495879298	0.781009895
708	0.495879298	0.495879298	0.495879298	0.781009895
709	0.495879298	0.495879298	0.495879298	0.781009895
710	0.495879298	0.495879298	0.495879298	0.781009895
711	0.495879298	0.495879298	0.495879298	0.781009895
712	0.495879298	0.495879298	0.495879298	0.781009895
713	0.495879298	0.495879298	0.495879298	0.781009895
714	0.495879298	0.495879298	0.495879298	0.781009895
715	0.495879298	0.495879298	0.495879298	0.781009895
716	0.495879298	0.495879298	0.495879298	0.781009895
717	0.495879298	0.495879298	0.495879298	0.781009895
718	0.495879298	0.495879298	0.495879298	0.781009895
719	0.495879298	0.495879298	0.495879298	0.781009895
720	0.495879298	0.495879298	0.495879298	0.781009895
721	0.495879298	0.495879298	0.495879298	0.781009895
722	0.495879298	0.495879298	0.495879298	0.781009895
723	0.495879298	0.495879298	0.495879298	0.781009895
724	0.495879298	0.495879298	0.495879298	0.781009895
725	0.495879298	0.495879298	0.495879298	0.781009895
726	0.495879298	0.495879298	0.495879298	0.781009895
727	0.495879298	0.495879298	0.495879298	0.781009895
728	0.495879298	0.495879298	0.495879298	0.781009895
729	0.495879298	0.495879298	0.495879298	0.781009895
730	0.495879298	0.495879298	0.495879298	0.781009895
731	0.495879298	0.495879298	0.495879298	0.781009895
732	0.495879298	0.495879298	0.495879298	0.781009895
733	0.495879298	0.495879298	0.495879298	0.781009895
734	0.495879298	0.495879298	0.495879298	0.781009895
735	0.495879298	0.495879298	0.495879298	0.781009895
736	0.495879298	0.495879298	0.495879298	0.781009895
737	0.495879298	0.495879298	0.495879298	0.781009895
738	0.495879298	0.495879298	0.495879298	0.781009895
739	0.495879298	0.495879298	0.495879298	0.781009895
740	0.495879298	0.495879298	0.495879298	0.781009895
741	0.495879298	0.495879298	0.495879298	0.781009895
742	0.495879298	0.495879298	0.495879298	0.781009895
743	0.495879298	0.495879298	0.495879298	0.781009895
744	0.495879298	0.495879298	0.495879298	0.781009895
745	0.495879298	0.495879298	0.495879298	0.781009895
746	0.495879298	0.495879298	0.495879298	0.781009895
747	0.495879298	0.495879298	0.495879298	0.781009895
748	0.495879298	0.495879298	0.495879298	0.781009895
749	0.495879298	0.495879298	0.495879298	0.781009895
750	0.495879298	0.495879298	0.495879298	0.781009895
751	0.495879298	0.495879298	0.495879298	0.781009895
752	0.495879298	0.495879298	0.495879298	0.781009895
753	0.495879298	0.495879298	0.495879298	0.781009895
754	0.495879298	0.495879298	0.495879298	0.781009895
755	0.495879298	0.495879298	0.495879298	0.781009895
756	0.495879298	0.495879298	0.495879298	0.781009895
757	0.495879298	0.495879298	0.495879298	0.781009895
758	0.495879298	0.495879298	0.495879298	0.781009895
759	0.495879298	0.495879298	0.495879298	0.781009895
760	0.495879298	0.495879298	0.495879298	0.781009895
761	0.495879298	0.495879298	0.495879298	0.781009895
762	0.495879298	0.495879298	0.495879298	0.781009895
763	0.495879298	0.495879298	0.495879298	0.781009895
764	0.495879298	0.495879298	0.495879298	0.781009895
765	0.495879298	0.495879298	0.495879298	0.781009895
766	0.495879298	0.495879298	0.495879298	0.781009895
767	0.495879298	0.495879298	0.495879298	0.781009895
768	0.495879298	0.495879298	0.495879298	0.781009895
769	0.495879298	0.495879298	0.495879298	0.781009895
770	0.495879298	0.495879298	0.495879298	0.781009895
771	0.495879298	0.495879298	0.495879298	0.781009895
772	0.495879298	0.495879298	0.495879298	0.781009895
773	0.495879298	0.495879298	0.495879298	0.781009895
774	0.495879298	0.495879298	0.495879298	0.781009895
775	0.495879298	0.495879298	0.495879298	0.781009895
776	0.495879298	0.495879298	0.495879298	0.781009895
777	0.495879298	0.495879298	0.495879298	0.781009895
778	0.495879298	0.495879298	0.495879298	0.781009895
779	0.495879298	0.495879298	0.495879298	0.781009895
780	0.495879298	0.495879298	0.495879298	0.781009895
781	0.495879298	0.495879298	0.495879298	0.781009895
782	0.495879298	0.495879298	0.495879298	0.781009895
783	0.495879298	0.495879298	0.495879298	0.781009895
784	0.495879298	0.495879298	0.495879298	0.781009895
785	0.495879298	0.495879298	0.495879298	0.781009895
786	0.495879298	0.495879298	0.495879298	0.781009895
787	0.495879298	0.495879298	0.495879298	0.781009895
788	0.495879298	0.495879298	0.495879298	0.781009895
789	0.495879298	0.495879298	0.495879298	0.781009895
790	0.495879298	0.495879298	0.495879298	0.781009895
791	0.495879298	0.495879298	0.495879298	0.781009895
792	0.495879298	0.495879298	0.495879298	0.781009895
793	0.495879298	0.495879298	0.495879298	0.781009895
794	0.495879298	0.495879298	0.495879298	0.781009895
795	0.495879298	0.495879298	0.495879298	0.781009895
796	0.495879298	0.495879298	0.495879298	0.781009895
797	0.495879298	0.495879298	0.495879298	0.781009895
798	0.495879298	0.495879298	0.495879298	0.781009895
799	0.495879298	0.495879298	0.495879298	0.781009895
800	0.495879298	0.495879298	0.495879298	0.781009895
801	0.495879298	0.495879298	0.495879298	0.781009895
802	0.495879298	0.495879298	0.495879298	0.781009895
803	0.495879298	0.495879298	0.495879298	0.781009895
804	0.495879298	0.495879298	0.495879298	0.781009895
805	0.495879298	0.495879298	0.495879298	0.781009895
806	0.495879298	0.495879298	0.495879298	0.781009895
807	0.495879298	0.495879298	0.495879298	0.781009895
808	0.495879298	0.495879298	0.495879298	0.781009895
809	0.495879298	0.495879298	0.495879298	0.781009895
810	0.495879298	0.495879298	0.495879298	0.781009895
811	0.495879298	0.495879298	0.495879298	0.781009895
812	0.495879298	0.495879298	0.495879298	0.781009895
813	0.495879298	0.495879298	0.495879298	0.781009895
814	0.495879298	0.495879298	0.495879298	0.781009895
815	0.495879298	0.495879298	0.495879298	0.781009895
816	0.495879298	0.495879298	0.495879298	0.781009895
817	0.495879298	0.495879298	0.495879298	0.781009895
818	0.495879298	0.495879298	0.495879298	0.781009895
819	0.495879298	0.495879298	0.495879298	0.781009895
820	0.495879298	0.495879298	0.495879298	0.781009895
821	0.495879298	0.495879298	0.495879298	0.781009895
822	0.495879298	0.495879298	0.495879298	0.781009895
823	0.495879298	0.495879298	0.495879298	0.781009895
824	0.495879298	0.495879298	0.495879298	0.781009895
825	0.495879298	0.495879298	0.495879298	0.781009895
826	0.495879298	0.495879298	0.495879298	0.781009895
827	0.495879298	0.495879298	0.495879298	0.781009895
828	0.495879298	0.495879298	0.495879298	0.781009895
829	0.495879298	0.495879298	0.495879298	0.781009895
830	0.495879298	0.495879298	0.495879298	0.781009895
831	0.495879298	0.495879298	0.495879298	0.781009895
832	0.495879298	0.495879298	0.495879298	0.781009895
833	0.495879298	0.495879298	0.495879298	0.781009895
834	0.495879298	0.495879298	0.495879298	0.781009895
835	0.495879298	0.495879298	0.495879298	0.781009895
836	0.495879298	0.495879298	0.495879298	0.781009895
837	0.495879298	0.495879298	0.495879298	0.781009895
838	0.495879298	0.495879298	0.495879298	0.781009895
839	0.495879298	0.495879298	0.495879298	0.781009895
840	0.495879298	0.495879298	0.495879298	0.781009895
841	0.495879298	0.495879298	0.495879298	0.781009895
842	0.495879298	0.495879298	0.495879298	0.781009895
843	0.495879298	0.495879298	0.495879298	0.781009895
844	0.495879298	0.495879298	0.495879298	0.781009895
845	0.495879298	0.495879298	0.495879298	0.781009895
846	0.495879298	0.495879298	0.495879298	0.781009895
847	0.495879298	0.495879298	0.495879298	0.781009895
848	0.495879298	0.495879298	0.495879298	0.781009895
849	0.495879298	0.495879298	0.495879298	0.781009895
850	0.495879298	0.495879298	0.495879298	0.781009895
851	0.495879298	0.495879298	0.495879298	0.781009895
852	0.495879298	0.495879298	0.495879298	0.781009895
853	0.495879298	0.495879298	0.495879298	0.781009895
854	0.495879298	0.495879298	0.495879298	0.781009895
855	0.495879298	0.495879298	0.495879298	0.781009895
856	0.495879298	0.495879298	0.495879298	0.781009895
857	0.495879298	0.495879298	0.495879298	0.781009895
858	0.495879298	0.495879298	0.495879298	0.781009895
859	0.495879298	0.495879298	0.495879298	0.781009895
860	0.495879298	0.495879298	0.495879298	0.781009895
861	0.495879298	0.495879298	0.495879298	0.781009895
862	0.495879298	0.495879298	0.495879298	0.781009895
863	0.495879298	0.495879298	0.495879298	0.781009895
864	0.495879298	0.495879298	0.495879298	0.781009895
865	0.495879298	0.495879298	0.495879298	0.781009895
866	0.495879298	0.495879298	0.495879298	0.781009895
867	0.495879298	0.495879298	0.495879298	0.781009895
868	0.495879298	0.495879298	0.495879298	0.781009895
869	0.495879298	0.495879298	0.495879298	0.781009895
870	0.495879298	0.495879298	0.495879298	0.781009895
871	0.495879298	0.495879298	0.495879298	0.781009895
872	0.495879298	0.495879298	0.495879298	0.781009895
873	0.495879298	0.495879298	0.495879298	0.781009895
874	0.495879298	0.495879298	0.495879298	0.781009895
875	0.495879298	0.495879298	0.495879298	0.781009895
876	0.495879298	0.495879298	0.495879298	0.781009895
877	0.495879298	0.495879298	0.495879298	0.781009895
878	0.495879298	0.495879298	0.495879298	0.781009895
879	0.495879298	0.495879298	0.495879298	0.781009895
880	0.495879298	0.495879298	0.495879298	0.781009895
881	0.495879298	0.495879298	0.495879298	0.781009895
882	0.495879298	0.495879298	0.495879298	0.781009895
883	0.495879298	0.495879298	0.495879298	0.781009895
884	0.495879298	0.495879298	0.495879298	0.781009895
885	0.495879298	0.495879298	0.495879298	0.781009895
886	0.495879298	0.495879298	0.495879298	0.781009895
887	0.495879298	0.495879298	0.495879298	0.781009895
888	0.495879298	0.495879298	0.495879298	0.781009895
889	0.495879298	0.495879298	0.495879298	0.781009895
890	0.495879298	0.495879298	0.495879298	0.781009895
891	0.495879298	0.495879298	0.495879298	0.781009895
892	0.495879298	0.495879298	0.495879298	0.781009895
893	0.495879298	0.495879298	0.495879298	0.781009895
894	0.495879298	0.495879298	0.495879298	0.781009895
895	0.495879298	0.495879298	0.495879298	0.781009895
896	0.495879298	0.495879298	0.495879298	0.781009895
897	0.495879298	0.495879298	0.495879298	0.781009895
898	0.495879298	0.495879298	0.495879298	0.781009895
899	0.495879298	0.495879298	0.495879298	0.781009895
900	0.495879298	0.495879298	0.495879298	0.781009895
901	0.495879298	0.495879298	0.495879298	0.781009895
902	0.495879298	0.495879298	0.495879298	0.781009895
903	0.495879298	0.495879298	0.495879298	0.781009895
904	0.495879298	0.495879298	0.495879298	0.781009895
905	0.495879298	0.495879298	0.495879298	0.781009895
906	0.495879298	0.495879298	0.495879298	0.781009895
907	0.495879298	0.495879298	0.495879298	0.781009895
908	0.495879298	0.495879298	0.495879298	0.781009895
909	0.495879298	0.495879298	0.495879298	0.781009895
910	0.495879298	0.495879298	0.495879298	0.781009895
911	0.495879298	0.495879298	0.495879298	0.781009895
912	0.495879298	0.495879298	0.495879298	0.781009895
913	0.495879298	0.495879298	0.495879298	0.781009895
914	0.495879298	0.495879298	0.495879298	0.781009895
915	0.495879298	0.495879298	0.495879298	0.781009895
916	0.495879298	0.495879298	0.495879298	0.781009895
917	0.495879298	0.495879298	0.495879298	0.781009895
918	0.495879298	0.495879298	0.495879298	0.781009895
919	0.495879298	0.495879298	0.495879298	0.781009895
920	0.495879298	0.495879298	0.495879298	0.781009895
921	0.495879298	0.495879298	0.495879298	0.781009895
922	0.495879298	0.495879298	0.495879298	0.781009895
923	0.495879298	0.495879298	0.495879298	0.781009895
924	0.495879298	0.495879298	0.495879298	0.781009895
925	0.495879298	0.495879298	0.495879298	0.781009895
926	0.495879298	0.495879298	0.495879298	0.781009895
927	0.495879298	0.495879298	0.495879298	0.781009895
928	0.495879298	0.495879298	0.495879298	0.781009895
929	0.495879298	0.495879298	0.495879298	0.781009895
930	0.495879298	0.495879298	0.495879298	0.781009895
931	0.495879298	0.495879298	0.495879298	0.781009895
932	0.495879298	0.495879298	0.495879298	0.781009895
933	0.495879298	0.495879298	0.495879298	0.781009895
934	0.495879298	0.495879298	0.495879298	0.781009895
935	0.495879298	0.495879298	0.495879298	0.781009895
936	0.495879298	0.495879298	0.495879298	0.781009895
937	0.495879298	0.495879298	0.495879298	0.781009895
938	0.495879298	0.495879298	0.495879298	0.781009895
939	0.495879298	0.495879298	0.495879298	0.781009895
940	0.495879298	0.495879298	0.495879298	0.781009895
941	0.495879298	0.495879298	0.495879298	0.781009895
942	0.495879298	0.495879298	0.495879298	0.781009895
943	0.495879298	0.495879298	0.495879298	0.781009895
944	0.495879298	0.495879298	0.495879298	0.781009895
945	0.495879298	0.495879298	0.495879298	0.781009895
946	0.495879298	0.495879298	0.495879298	0.781009895
947	0.495879298	0.495879298	0.495879298	0.781009895
948	0.495879298	0.495879298	0.495879298	0.781009895
949	0.495879298	0.495879298	0.495879298	0.781009895
950	0.495879298	0.495879298	0.495879298	0.781009895
951	0.495879298	0.495879298	0.495879298	0.781009895
952	0.495879298	0.495879298	0.495879298	0.781009895
953	0.495879298	0.495879298	0.495879298	0.781009895
954	0.495879298	0.495879298	0.495879298	0.781009895
955	0.495879298	0.495879298	0.495879298	0.781009895
956	0.495879298	0.495879298	0.495879298	0.781009895
957	0.495879298	0.495879298	0.495879298	0.781009895
958	0.495879298	0.495879298	0.495879298	0.781009895
959	0.495879298	0.495879298	0.495879298	0.781009895
960	0.495879298	0.495879298	0.495879298	0.781009895
961	0.495879298	0.495879298	0.495879298	0.781009895
962	0.495879298	0.495879298	0.495879298	0.781009895
963	0.495879298	0.495879298	0.495879298	0.781009895
964	0.495879298	0.495879298	0.495879298	0.781009895
965	0.495879298	0.495879298	0.495879298	0.781009895
966	0.495879298	0.495879298	0.495879298	0.781009895
967	0.495879298	0.495879298	0.495879298	0.781009895
968	0.495879298	0.495879298	0.495879298	0.781009895
969	0.495879298	0.495879298	0.495879298	0.781009895
970	0.495879298	0.495879298	0.495879298	0.781009895
971	0.495879298	0.495879298	0.495879298	0.781009895
972	0.495879298	0.495879298	0.495879298	0.781009895
973	0.495879298	0.495879298	0.495879298	0.781009895
974	0.495879298	0.495879298	0.495879298	0.781009895
975	0.495879298	0.495879298	0.495879298	0.781009895
976	0.495879298	0.495879298	0.495879298	0.781009895
977	0.495879298	0.495879298	0.495879298	0.781009895
978	0.495879298	0.495879298	0.495879298	0.781009895
979	0.495879298	0.495879298	0.495879298	0.781009895
980	0.495879298	0.495879298	0.495879298	0.781009895
981	0.495879298	0.495879298	0.495879298	0.781009895
982	0.495879298	0.495879298	0.495879298	0.781009895
983	0.495879298	0.495879298	0.495879298	0.781009895
984	0.495879298	0.495879298	0.495879298	0.781009895
985	0.495879298	0.495879298	0.495879298	0.781009895
986	0.495879298	0.495879298	0.495879298	0.781009895
987	0.495879298	0.495879298	0.495879298	0.781009895
988	0.495879298	0.495879298	0.495879298	0.781009895
989	0.495879298	0.495879298	0.495879298	0.781009895
990	0.495879298	0.495879298	0.495879298	0.781009895
991	0.495879298	0.495879298	0.495879298	0.781009895
992	0.495879298	0.495879298	0.495879298	0.781009895
993	0.495879298	0.495879298	0.495879298	0.781009895
994	0.495879298	0.495879298	0.495879298	0.781009895
995	0.495879298	0.495879298	0.495879298	0.781009895
996	0.495879298	0.495879298	0.495879298	0.781009895
997	0.495879298	0.495879298	0.495879298	0.781009895
998	0.495879298	0.495879298	0.495879298	0.781009895
999	0.495879298	0.495879298	0.495879298	0.781009895
1000	0.495879298	0.495879298	0.495879298	0.781009895
1001	0.495879298	0.495879298	0.495879298	0.781009895
1002	0.495879298	0.495879298	0.495879298	0.781009895
1003	0.495879298	0.495879298	0.495879298	0.781009895
1004	0.495879298	0.495879298	0.495879298	0.781009895
1005	0.495879298	0.495879298	0.495879298	0.781009895
1006	0.495879298	0.495879298	0.495879298	0.781009895
1007	0.495879298	0.495879298	0.495879298	0.781009895
1008	0.495879298	0.495879298	0.495879298	0.781009895
1009	0.495879298	0.495879298	0.495879298	0.781009895
1010	0.495879298	0.495879298	0.495879298	0.781009895
1011	0.495879298	0.495879298	0.495879298	0.781009895
1012	0.495879298	0.495879298	0.495879298	0.781009895
1013	0.495879298	0.495879298	0.495879298	0.781009895
1014	0.495879298	0.495879298	0.495879298	0.781009895
1015	0.495879298	0.495879298	0.495879298	0.781009895
1016	0.495879298	0.495879298	0.495879298	0.781009895
1017	0.495879298	0.495879298	0.495879298	0.781009895
1018	0.495879298	0.495879298	0.495879298	0.781009895
1019	0.495879298	0.495879298	0.495879298	0.781009895
1020	0.495879298	0.495879298	0.495879298	0.781009895
1021	0.495879298	0.495879298	0.495879298	0.781009895
1022	0.495879298	0.495879298	0.495879298	0.781009895
1023	0.495879298	0.495879298	0.495879298	0.781009895
1024	0.495879298	0.495879298	0.495879298	0.781009895
1025	0.495879298	0.495879298	0.495879298	0.781009895
1026	0.495879298	0.495879298	0.495879298	0.781009895
1027	0.495879298	0.495879298	0.495879298	0.781009895
1028	0.495879298	0.495879298	0.495879298	0.781009895
1029	0.495879298	0.495879298	0.495879298	0.781009895
1030	0.495879298	0.495879298	0.495879298	0.781009895
1031	0.495879298	0.495879298	0.495879298	0.781009895
1032	0.495879298	0.495879298	0.495879298	0.781009895
1033	0.495879298	0.495879298	0.495879298	0.781009895
1034	0.495879298	0.495879298	0.495879298	0.781009895
1035	0.495879298	0.495879298	0.495879298	0.781009895
1036	0.495879298	0.495879298	0.495879298	0.781009895
1037	0.495879298	0.495879298	0.495879298	0.781009895
1038	0.495879298	0.495879298	0.495879298	0.781009895
1039	0.495879298	0.495879298	0.495879298	0.781009895
1040	0.495879298	0.495879298	0.495879298	0.781009895
1041	0.495879298	0.495879298	0.495879298	0.781009895
1042	0.495879298	0.495879298	0.495879298	0.781009895
1043	0.495879298	0.495879298	0.495879298	0.781009895
1044	0.495879298	0.495879298	0.495879298	0.781009895
1045	0.495879298	0.495879298	0.495879298	0.781009895
1046	0.495879298	0.495879298	0.495879298	0.781009895
1047	0.495879298	0.495879298	0.495879298	0.781009895
1048	0.495879298	0.495879298	0.495879298	0.781009895
1049	0.495879298	0.495879298	0.495879298	0.781009895
1050	0.495879298	0.495879298	0.495879298	0.781009895
1051	0.495879298	0.495879298	0.495879298	0.781009895
1052	0.495879298	0.495879298	0.495879298	0.781009895
1053	0.495879298	0.495879298	0.495879298	0.781009895
1054	0.495879298	0.495879298	0.495879298	0.781009895
1055	0.495879298	0.495879298	0.495879298	0.781009895
1056	0.495879298	0.495879298	0.495879298	0.781009895
1057	0.495879298	0.495879298	0.495879298	0.781009895
1058	0.495879298	0.495879298	0.495879298	0.781009895
1059	0.495879298	0.495879298	0.495879298	0.781009895
1060	0.495879298	0.495879298	0.495879298	0.781009895
1061	0.495879298	0.495879298	0.495879298	0.781009895
1062	0.495879298	0.495879298	0.495879298	0.781009895
1063	0.495879298	0.495879298	0.495879298	0.781009895
1064	0.495879298	0.495879298	0.495879298	0.781009895
1065	0.495879298	0.495879298	0.495879298	0.781009895
1066	0.495879298	0.495879298	0.495879298	0.781009895
1067	0.495879298	0.495879298	0.495879298	0.781009895
1068	0.495879298	0.495879298	0.495879298	0.781009895
1069	0.495879298	0.495879298	0.495879298	0.781009895
1070	0.495879298	0.495879298	0.495879298	0.781009895
1071	0.495879298	0.495879298	0.495879298	0.781009895
1072	0.495879298	0.495879298	0.495879298	0.781009895
1073	0.495879298	0.495879298	0.495879298	0.781009895
1074	0.495879298	0.495879298	0.495879298	0.781009895
1075	0.495879298	0.495879298	0.495879298	0.781009895
1076	0.495879298	0.495879298	0.495879298	0.781009895
1077	0.495879298	0.495879298	0.495879298	0.781009895
1078	0.495879298	0.495879298	0.495879298	0.781009895
1079	0.495879298	0.495879298	0.495879298	0.781009895
1080	0.495879298	0.495879298	0.495879298	0.781009895
1081	0.495879298	0.495879298	0.495879298	0.781009895
1082	0.495879298	0.495879298	0.495879298	0.781009895
1083	0.495879298	0.495879298	0.495879298	0.781009895
1084	0.495879298	0.495879298	0.495879298	0.781009895
1085	0.495879298	0.495879298	0.495879298	0.781009895
1086	0.495879298	0.495879298	0.495879298	0.781009895
1087	0.495879298	0.495879298	0.495879298	0.781009895
1088	0.495879298	0.495879298	0.495879298	0.781009895
1089	0.495879298	0.495879298	0.495879298	0.781009895
1090	0.495879298	0.495879298	0.495879298	0.781009895
1091	0.495879298	0.495879298	0.495879298	0.781009895
1092	0.495879298	0.495879298	0.495879298	0.781009895
1093	0.495879298	0.495879298	0.495879298	0.781009895
1094	0.495879298	0.495879298	0.495879298	0.781009895
1095	0.495879298	0.495879298	0.495879298	0.781009895
1096	0.495879298	0.495879298	0.495879298	0.781009895
1097	0.495879298	0.495879298	0.495879298	0.781009895
1098	0.495879298	0.495879298	0.495879298	0.781009895
1099	0.495879298	0.495879298	0.495879298	0.781009895
1100	0.495879298	0.495879298	0.495879298	0.781009895
1101	0.495879298	0.495879298	0.495879298	0.781009895
1102	0.495879298	0.495879298	0.495879298	0.781009895
1103	0.495879298	0.495879298	0.495879298	0.781009895
1104	0.495879298	0.495879298	0.495879298	0.781009895
1105	0.495879298	0.495879298	0.495879298	0.781009895
1106	0.495879298	0.495879298	0.495879298	0.781009895
1107	0.495879298	0.495879298	0.495879298	0.781009895
1108	0.495879298	0.495879298	0.495879298	0.781009895
1109	0.495879298	0.495879298	0.495879298	0.781009895
1110	0.495879298	0.495879298	0.495879298	0.781009895
1111	0.495879298	0.495879298	0.495879298	0.781009895
1112	0.495879298	0.495879298	0.495879298	0.781009895
1113	0.495879298	0.495879298	0.495879298	0.781009895
1114	0.495879298	0.495879298	0.495879298	0.781009895
1115	0.495879298	0.495879298	0.495879298	0.781009895
1116	0.495879298	0.495879298	0.495879298	0.781009895
1117	0.495879298	0.495879298	0.495879298	0.781009895
1118	0.495879298	0.495879298	0.495879298	0.781009895
1119	0.495879298	0.495879298	0.495879298	0.781009895
1120	0.495879298	0.495879298	0.495879298	0.781009895
1121	0.495879298	0.495879298	0.495879298	0.781009895
1122	0.495879298	0.495879298	0.495879298	0.781009895
1123	0.495879298	0.495879298	0.495879298	0.781009895
1124	0.495879298	0.495879298	0.495879298	0.781009895
1125	0.495879298	0.495879298	0.495879298	0.781009895
1126	0.495879298	0.495879298	0.495879298	0.781009895
1127	0.495879298	0.495879298	0.495879298	0.781009895
1128	0.495879298	0.495879298	0.495879298	0.781009895
1129	0.495879298	0.495879298	0.495879298	0.781009895
1130	0.495879298	0.495879298	0.495879298	0.781009895
1131	0.495879298	0.495879298	0.495879298	0.781009895
1132	0.495879298	0.495879298	0.495879298	0.781009895
1133	0.495879298	0.495879298	0.495879298	0.781009895
1134	0.495879298	0.495879298	0.495879298	0.781009895
1135	0.495879298	0.495879298	0.495879298	0.781009895
1136	0.495879298	0.495879298	0.495879298	0.781009895
1137	0.495879298	0.495879298	0.495879298	0.781009895
1138	0.495879298	0.495879298	0.495879298	0.781009895
1139	0.495879298	0.495879298	0.495879298	0.781009895
1140	0.495879298	0.495879298	0.495879298	0.781009895
1141	0.495879298	0.495879298	0.495879298	0.781009895
1142	0.495879298	0.495879298	0.495879298	0.781009895
1143	0.495879298	0.495879298	0.495879298	0.781009895
1144	0.495879298	0.495879298	0.495879298	0.781009895
1145	0.495879298	0.495879298	0.495879298	0.781009895
1146	0.495879298	0.495879298	0.495879298	0.781009895
1147	0.495879298	0.495879298	0.495879298	0.781009895
1148	0.495879298	0.495879298	0.495879298	0.781009895
1149	0.495879298	0.495879298	0.495879298	0.781009895
1150	0.495879298	0.495879298	0.495879298	0.781009895
1151	0.495879298	0.495879298	0.495879298	0.781009895
1152	0.495879298	0.495879298	0.495879298	0.781009895
1153	0.495879298	0.495879298	0.495879298	0.781009895
1154	0.495879298	0.495879298	0.495879298	0.781009895
1155	0.495879298	0.495879298	0.495879298	0.781009895
1156	0.495879298	0.495879298	0.495879298	0.781009895
1157	0.495879298	0.495879298	0.495879298	0.781009895
1158	0.495879298	0.495879298	0.495879298	0.781009895
1159	0.495879298	0.495879298	0.495879298	0.781009895
1160	0.495879298	0.495879298	0.495879298	0.781009895
1161	0.495879298	0.495879298	0.495879298	0.781009895
1162	0.495879298	0.495879298	0.495879298	0.781009895
1163	0.495879298	0.495879298	0.495879298	0.781009895
1164	0.495879298	0.495879298	0.495879298	0.781009895
1165	0.495879298	0.495879298	0.495879298	0.781009895
1166	0.495879298	0.495879298	0.495879298	0.781009895
1167	0.495879298	0.495879298	0.495879298	0.781009895
1168	0.495879298	0.495879298	0.495879298	0.781009895
1169	0.495879298	0.495879298	0.495879298	0.781009895
1170	0.495879298	0.495879298	0.495879298	0.781009895
1171	0.495879298	0.495879298	0.495879298	0.781009895
1172	0.495879298	0.495879298	0.495879298	0.781009895
1173	0.495879298	0.495879298	0.495879298	0.781009895
1174	0.495879298	0.495879298	0.495879298	0.781009895
1175	0.495879298	0.495879298	0.495879298	0.781009895
1176	0.495879298	0.495879298	0.495879298	0.781009895
1177	0.495879298	0.495879298	0.495879298	0.781009895
1178	0.495879298	0.495879298	0.495879298	0.781009895
1179	0.495879298	0.495879298	0.495879298	0.781009895
1180	0.495879298	0.495879298	0.495879298	0.781009895
1181	0.495879298	0.495879298	0.495879298	0.781009895
1182	0.495879298	0.495879298	0.495879298	0.781009895
1183	0.495879298	0.495879298	0.495879298	0.781009895
1184	0.495879298	0.495879298	0.495879298	0.781009895
1185	0.495879298	0.495879298	0.495879298	0.781009895
1186	0.495879298	0.495879298	0.495879298	0.781009895
1187	0.495879298	0.495879298	0.495879298	0.781009895
1188	0.495879298	0.495879298	0.495879298	0.781009895
1189	0.495879298	0.495879298	0.495879298	0.781009895
1190	0.495879298	0.495879298	0.495879298	0.781009895
1191	0.495879298	0.495879298	0.495879298	0.781009895
1192	0.495879298	0.495879298	0.495879298	0.781009895
1193	0.495879298	0.495879298	0.495879298	0.781009895
1194	0.495879298	0.495879298	0.495879298	0.781009895
1195	0.495879298	0.495879298	0.495879298	0.781009895
1196	0.495879298	0.495879298	0.495879298	0.781009895
1197	0.495879298	0.495879298	0.495879298	0.781009895
1198	0.495879298	0.495879298	0.495879298	0.781009895
1199	0.495879298	0.495879298	0.495879298	0.781009895
1200	0.495879298	0.495879298	0.495879298	0.781009895
1201	0.495879298	0.495879298	0.495879298	0.781009895
1202	0.495879298	0.495879298	0.495879298	0.781009895
1203	0.495879298	0.495879298	0.495879298	0.781009895
1204	0.495879298	0.495879298	0.495879298	0.781009895
1205	0.495879298	0.495879298	0.495879298	0.781009895
1206	0.495879298	0.495879298	0.495879298	0.781009895
1207	0.495879298	0.495879298	0.495879298	0.781009895
1208	0.495879298	0.495879298	0.495879298	0.781009895
1209	0.495879298	0.495879298	0.495879298	0.781009895
1210	0.495879298	0.495879298	0.495879298	0.781009895
1211	0.495879298	0.495879298	0.495879298	0.781009895
1212	0.495879298	0.495879298	0.495879298	0.781009895
1213	0.495879298	0.495879298	0.495879298	0.781009895
1214	0.495879298	0.495879298	0.495879298	0.781009895
1215	0.495879298	0.495879298	0.495879298	0.781009895
1216	0.495879298	0.495879298	0.495879298	0.781009895
1217	0.495879298	0.495879298	0.495879298	0.781009895
1218	0.495879298	0.495879298	0.495879298	0.781009895
1219	0.495879298	0.495879298	0.495879298	0.781009895
1220	0.495879298	0.495879298	0.495879298	0.781009895
1221	0.495879298	0.495879298	0.495879298	0.781009895
1222	0.495879298	0.495879298	0.495879298	0.781009895
1223	0.495879298	0.495879298	0.495879298	0.781009895
1224	0.495879298	0.495879298	0.495879298	0.781009895
1225	0.495879298	0.495879298	0.495879298	0.781009895
1226	0.495879298	0.495879298	0.495879298	0.781009895
1227	0.495879298	0.495879298	0.495879298	0.781009895
1228	0.495879298	0.495879298	0.495879298	0.781009895
1229	0.495879298	0.495879298	0.495879298	0.781009895
1230	0.495879298	0.495879298	0.495879298	0.781009895
1231	0.495879298	0.495879298	0.495879298	0.781009895
1232	0.495879298	0.495879298	0.495879298	0.781009895
1233	0.495879298	0.495879298	0.495879298	0.781009895
1234	0.495879298	0.495879298	0.495879298	0.781009895
1235	0.495879298	0.495879298	0.495879298	0.781009895
1236	0.495879298	0.495879298	0.495879298	0.781009895
1237	0.495879298	0.495879298	0.495879298	0.781009895
1238	0.495879298	0.495879298	0.495879298	0.781009895
1239	0.495879298	0.495879298	0.495879298	0.781009895
1240	0.495879298	0.495879298	0.495879298	0.781009895
1241	0.495879298	0.495879298	0.495879298	0.781009895
1242	0.495879298	0.495879298	0.495879298	0.781009895
1243	0.495879298	0.495879298	0.495879298	0.781009895
1244	0.495879298	0.495879298	0.495879298	0.781009895
1245	0.495879298	0.495879298	0.495879298	0.781009895
1246	0.495879298	0.495879298	0.495879298	0.781009895
1247	0.495879298	0.495879298	0.495879298	0.781009895
1248	0.495879298	0.495879298	0.495879298	0.781009895
1249	0.495879298	0.495879298	0.495879298	0.781009895
1250	0.495879298	0.495879298	0.495879298	0.781009895
1251	0.495879298	0.495879298	0.495879298	0.781009895
1252	0.495879298	0.495879298	0.495879298	0.781009895
1253	0.495879298	0.495879298	0.495879298	0.781009895
1254	0.495879298	0.495879298	0.495879298	0.781009895
1255	0.495879298	0.495879298	0.495879298	0.781009895
1256	0.495879298	0.495879298	0.495879298	0.781009895
1257	0.495879298	0.495879298	0.495879298	0.781009895
1258	0.495879298	0.495879298	0.495879298	0.781009895
1259	0.495879298	0.495879298	0.495879298	0.781009895
1260	0.495879298	0.495879298	0.495879298	0.781009895
1261	0.495879298	0.495879298	0.495879298	0.781009895
1262	0.495879298	0.495879298	0.495879298	0.781009895
1263	0.495879298	0.495879298	0.495879298	0.781009895
1264	0.495879298	0.495879298	0.495879298	0.781009895
1265	0.495879298	0.495879298	0.495879298	0.781009895
1266	0.495879298	0.495879298	0.495879298	0.781009895
1267	0.495879298	0.495879298	0.495879298	0.781009895
1268	0.495879298	0.495879298	0.495879298	0.781009895
1269	0.495879298	0.495879298	0.495879298	0.781009895
1270	0.495879298	0.495879298	0.495879298	0.781009895
1271	0.495879298	0.495879298	0.495879298	0.781009895
1272	0.495879298	0.495879298	0.495879298	0.781009895
1273	0.495879298	0.495879298	0.495879298	0.781009895
1274	0.495879298	0.495879298	0.495879298	0.781009895
1275	0.495879298	0.495879298	0.495879298	0.781009895
1276	0.495879298	0.495879298	0.495879298	0.781009895
1277	0.495879298	0.495879298	0.495879298	0.781009895
1278	0.495879298	0.495879298	0.495879298	0.781009895
1279	0.495879298	0.495879298	0.495879298	0.781009895
1280	0.495879298	0.495879298	0.495879298	0.781009895
1281	0.495879298	0.495879298	0.495879298	0.781009895
1282	0.495879298	0.495879298	0.495879298	0.781009895
1283	0.495879298	0.495879298	0.495879298	0.781009895
1284	0.495879298	0.495879298	0.495879298	0.781009895
1285	0.495879298	0.495879298	0.495879298	0.781009895
1286	0.495879298	0.495879298	0.495879298	0.781009895
1287	0.495879298	0.495879298	0.495879298	0.781009895
1288	0.495879298	0.495879298	0.495879298	0.781009895
1289	0.495879298	0.495879298	0.495879298	0.781009895
1290	0.495879298	0.495879298	0.495879298	0.781009895
1291	0.495879298	0.495879298	0.495879298	0.781009895
1292	0.495879298	0.495879298	0.495879298	0.781009895
1293	0.495879298	0.495879298	0.495879298	0.781009895
1294	0.495879298	0.495879298	0.495879298	0.781009895
1295	0.495879298	0.495879298	0.495879298	0.781009895
1296	0.495879298	0.495879298	0.495879298	0.781009895
1297	0.495879298	0.495879298	0.495879298	0.781009895
1298	0.495879298	0.495879298	0.495879298	0.781009895
1299	0.495879298	0.495879298	0.495879298	0.781009895
1300	0.495879298	0.495879298	0.495879298	0.781009895
