Item Level	Armor Multiplier	Weapon Multiplier	Trinket Multiplier	Jewelry Multiplier
1	1	1	1	1
2	1	1	1	1
3	1	1	1	1
4	1	1	1	1
5	1	1	1	1
6	1	1	1	1
7	1	1	1	1
8	1	1	1	1
9	1	1	1	1
10	1	1	1	1
11	1	1	1	1
12	1	1	1	1
13	1	1	1	1
14	1	1	1	1
15	1	1	1	1
16	1	1	1	1
17	1	1	1	1
18	1	1	1	1
19	1	1	1	1
20	1	1	1	1
21	1	1	1	1
22	1	1	1	1
23	1	1	1	1
24	1	1	1	1
25	1	1	1	1
26	1	1	1	1
27	1	1	1	1
28	1	1	1	1
29	1	1	1	1
30	1	1	1	1
31	1	1	1	1
32	1	1	1	1
33	1	1	1	1
34	1	1	1	1
35	1	1	1	1
36	1	1	1	1
37	1	1	1	1
38	1	1	1	1
39	1	1	1	1
40	1	1	1	1
41	1	1	1	1
42	1	1	1	1
43	1	1	1	1
44	1	1	1	1
45	1	1	1	1
46	1	1	1	1
47	1	1	1	1
48	1	1	1	1
49	1	1	1	1
50	1	1	1	1
51	1	1	1	1
52	1	1	1	1
53	1	1	1	1
54	1	1	1	1
55	1	1	1	1
56	1	1	1	1
57	1	1	1	1
58	1	1	1	1
59	1	1	1	1
60	1	1	1	1
61	1	1	1	1
62	1	1	1	1
63	1	1	1	1
64	1	1	1	1
65	1	1	1	1
66	1	1	1	1
67	1	1	1	1
68	1	1	1	1
69	1	1	1	1
70	1	1	1	1
71	1	1	1	1
72	1	1	1	1
73	1	1	1	1
74	1	1	1	1
75	1	1	1	1
76	1.000050322	1.000050322	1.000050322	1.000050322
77	1.000150966	1.000150966	1.000150966	1.000150966
78	1.000301932	1.000301932	1.000301932	1.000301932
79	1.000503221	1.000503221	1.000503221	1.000503221
80	1.000754831	1.000754831	1.000754831	1.000754831
81	1.017441977	1.017441977	1.017441977	1.017441977
82	1.050464013	1.050464013	1.050464013	1.050464013
83	1.099820941	1.099820941	1.099820941	1.099820941
84	1.16551276	1.16551276	1.16551276	1.16551276
85	1.24753947	1.24753947	1.24753947	1.24753947
86	1.345901071	1.345901071	1.345901071	1.345901071
87	1.427827136	1.427827136	1.427827136	1.427827136
88	1.511745553	1.511745553	1.511745553	1.511745553
89	1.597656321	1.597656321	1.597656321	1.597656321
90	1.685559439	1.685559439	1.685559439	1.685559439
91	1.775454909	1.775454909	1.775454909	1.775454909
92	1.86734273	1.86734273	1.86734273	1.86734273
93	1.977608115	1.977608115	1.977608115	1.977608115
94	2.084664427	2.084664427	2.084664427	2.084664427
95	2.188511667	2.188511667	2.188511667	2.188511667
96	2.289149834	2.289149834	2.289149834	2.289149834
97	2.386578929	2.386578929	2.386578929	2.386578929
98	2.480798952	2.480798952	2.480798952	2.480798952
99	2.571809902	2.571809902	2.571809902	2.571809902
100	2.64765236	2.64765236	2.64765236	2.64765236
101	2.725398976	2.725398976	2.725398976	2.725398976
102	2.80504975	2.80504975	2.80504975	2.80504975
103	2.886604681	2.886604681	2.886604681	2.886604681
104	2.97006377	2.97006377	2.97006377	2.97006377
105	3.055427017	3.055427017	3.055427017	3.055427017
106	3.157862913	3.157862913	3.157862913	3.157862913
107	3.257368857	3.257368857	3.257368857	3.257368857
108	3.353944849	3.353944849	3.353944849	3.353944849
109	3.44759089	3.44759089	3.44759089	3.44759089
110	3.538306979	3.538306979	3.538306979	3.538306979
111	3.626093115	3.626093115	3.626093115	3.626093115
112	3.7109493	3.7109493	3.7109493	3.7109493
113	3.781662788	3.781662788	3.781662788	3.781662788
114	3.85421124	3.85421124	3.85421124	3.85421124
115	3.928594656	3.928594656	3.928594656	3.928594656
116	4.004813036	4.004813036	4.004813036	4.004813036
117	4.08286638	4.08286638	4.08286638	4.08286638
118	4.162754689	4.162754689	4.162754689	4.162754689
119	4.25862066	4.25862066	4.25862066	4.25862066
120	4.351795445	4.351795445	4.351795445	4.351795445
121	4.442279044	4.442279044	4.442279044	4.442279044
122	4.530071458	4.530071458	4.530071458	4.530071458
123	4.615172687	4.615172687	4.615172687	4.615172687
124	4.69758273	4.69758273	4.69758273	4.69758273
125	4.777301587	4.777301587	4.777301587	4.777301587
126	4.843733969	4.843733969	4.843733969	4.843733969
127	4.911949015	4.911949015	4.911949015	4.911949015
128	4.981946726	4.981946726	4.981946726	4.981946726
129	5.053727101	5.053727101	5.053727101	5.053727101
130	5.133617279	5.133617279	5.133617279	5.133617279
131	5.221617258	5.221617258	5.221617258	5.221617258
132	5.331013516	5.331013516	5.331013516	5.331013516
133	5.437921528	5.437921528	5.437921528	5.437921528
134	5.542341295	5.542341295	5.542341295	5.542341295
135	5.644272816	5.644272816	5.644272816	5.644272816
136	5.737245708	5.737245708	5.737245708	5.737245708
137	5.821259972	5.821259972	5.821259972	5.821259972
138	5.896315608	5.896315608	5.896315608	5.896315608
139	5.964974239	5.964974239	5.964974239	5.964974239
140	6.035378267	6.035378267	6.035378267	6.035378267
141	6.107527691	6.107527691	6.107527691	6.107527691
142	6.175381866	6.175381866	6.175381866	6.175381866
143	6.244974793	6.244974793	6.244974793	6.244974793
144	6.316306473	6.316306473	6.316306473	6.316306473
145	6.395630664	6.395630664	6.395630664	6.395630664
146	6.47263774	6.47263774	6.47263774	6.47263774
147	6.547327701	6.547327701	6.547327701	6.547327701
148	6.625884439	6.625884439	6.625884439	6.625884439
149	6.702159422	6.702159422	6.702159422	6.702159422
150	6.776152649	6.776152649	6.776152649	6.776152649
151	6.84786412	6.84786412	6.84786412	6.84786412
152	6.913485886	6.913485886	6.913485886	6.913485886
153	6.980829164	6.980829164	6.980829164	6.980829164
154	7.049893954	7.049893954	7.049893954	7.049893954
155	7.114875315	7.114875315	7.114875315	7.114875315
156	7.181574421	7.181574421	7.181574421	7.181574421
157	7.24999127	7.24999127	7.24999127	7.24999127
158	7.326101039	7.326101039	7.326101039	7.326101039
159	7.400036577	7.400036577	7.400036577	7.400036577
160	7.471797885	7.471797885	7.471797885	7.471797885
161	7.547304434	7.547304434	7.547304434	7.547304434
162	7.620666055	7.620666055	7.620666055	7.620666055
163	7.69188275	7.69188275	7.69188275	7.69188275
164	7.760954517	7.760954517	7.760954517	7.760954517
165	7.829853773	7.829853773	7.829853773	7.829853773
166	7.898285836	7.898285836	7.898285836	7.898285836
167	7.965956401	7.965956401	7.965956401	7.965956401
168	8.026948362	8.026948362	8.026948362	8.026948362
169	8.080968173	8.080968173	8.080968173	8.080968173
170	8.127722666	8.127722666	8.127722666	8.127722666
171	8.161330792	8.161330792	8.161330792	8.161330792
172	8.182089505	8.182089505	8.182089505	8.182089505
173	8.190295373	8.190295373	8.190295373	8.190295373
174	8.191956763	8.191956763	8.191956763	8.191956763
175	8.18736948	8.18736948	8.18736948	8.18736948
176	8.176828951	8.176828951	8.176828951	8.176828951
177	8.166301991	8.166301991	8.166301991	8.166301991
178	8.155788584	8.155788584	8.155788584	8.155788584
179	8.145288712	8.145288712	8.145288712	8.145288712
180	8.134802358	8.134802358	8.134802358	8.134802358
181	8.124329504	8.124329504	8.124329504	8.124329504
182	8.113870133	8.113870133	8.113870133	8.113870133
183	8.103424227	8.103424227	8.103424227	8.103424227
184	8.09299177	8.09299177	8.09299177	8.09299177
185	8.082572744	8.082572744	8.082572744	8.082572744
186	8.072167131	8.072167131	8.072167131	8.072167131
187	8.061774914	8.061774914	8.061774914	8.061774914
188	8.051396077	8.051396077	8.051396077	8.051396077
189	8.041030601	8.041030601	8.041030601	8.041030601
190	8.030678471	8.030678471	8.030678471	8.030678471
191	8.020339667	8.020339667	8.020339667	8.020339667
192	8.010014174	8.010014174	8.010014174	8.010014174
193	7.999701974	7.999701974	7.999701974	7.999701974
194	7.98940305	7.98940305	7.98940305	7.98940305
195	7.979117385	7.979117385	7.979117385	7.979117385
196	7.968844962	7.968844962	7.968844962	7.968844962
197	7.958585764	7.958585764	7.958585764	7.958585764
198	7.948339774	7.948339774	7.948339774	7.948339774
199	7.938106974	7.938106974	7.938106974	7.938106974
200	7.927887349	7.927887349	7.927887349	7.927887349
201	7.91768088	7.91768088	7.91768088	7.91768088
202	7.907487551	7.907487551	7.907487551	7.907487551
203	7.897307345	7.897307345	7.897307345	7.897307345
204	7.887140246	7.887140246	7.887140246	7.887140246
205	7.876986235	7.876986235	7.876986235	7.876986235
206	7.866845297	7.866845297	7.866845297	7.866845297
207	7.856717415	7.856717415	7.856717415	7.856717415
208	7.846602571	7.846602571	7.846602571	7.846602571
209	7.83650075	7.83650075	7.83650075	7.83650075
210	7.826411933	7.826411933	7.826411933	7.826411933
211	7.816336105	7.816336105	7.816336105	7.816336105
212	7.806273249	7.806273249	7.806273249	7.806273249
213	7.796223348	7.796223348	7.796223348	7.796223348
214	7.786186385	7.786186385	7.786186385	7.786186385
215	7.776162344	7.776162344	7.776162344	7.776162344
216	7.766151208	7.766151208	7.766151208	7.766151208
217	7.756152961	7.756152961	7.756152961	7.756152961
218	7.746167585	7.746167585	7.746167585	7.746167585
219	7.736195065	7.736195065	7.736195065	7.736195065
220	7.726235383	7.726235383	7.726235383	7.726235383
221	7.716288524	7.716288524	7.716288524	7.716288524
222	7.706628643	7.706628643	7.706628643	7.706628643
223	7.697529545	7.697529545	7.697529545	7.697529545
224	7.692037246	7.692037246	7.692037246	7.692037246
225	7.690424846	7.690424846	7.690424846	7.690424846
226	7.692965093	7.692965093	7.692965093	7.692965093
227	7.70266292	7.70266292	7.70266292	7.70266292
228	7.719242028	7.719242028	7.719242028	7.719242028
229	7.742426472	7.742426472	7.742426472	7.742426472
230	7.769090036	7.769090036	7.769090036	7.769090036
231	7.798957484	7.798957484	7.798957484	7.798957484
232	7.831753938	7.831753938	7.831753938	7.831753938
233	7.861739794	7.861739794	7.861739794	7.861739794
234	7.892451901	7.892451901	7.892451901	7.892451901
235	7.92389026	7.92389026	7.92389026	7.92389026
236	7.953438423	7.953438423	7.953438423	7.953438423
237	7.983709569	7.983709569	7.983709569	7.983709569
238	8.014703697	8.014703697	8.014703697	8.014703697
239	8.049153346	8.049153346	8.049153346	8.049153346
240	8.082566168	8.082566168	8.082566168	8.082566168
241	8.114942163	8.114942163	8.114942163	8.114942163
242	8.148975839	8.148975839	8.148975839	8.148975839
243	8.181992094	8.181992094	8.181992094	8.181992094
244	8.213990928	8.213990928	8.213990928	8.213990928
245	8.244972342	8.244972342	8.244972342	8.244972342
246	8.273310481	8.273310481	8.273310481	8.273310481
247	8.302363094	8.302363094	8.302363094	8.302363094
248	8.332130181	8.332130181	8.332130181	8.332130181
249	8.360122407	8.360122407	8.360122407	8.360122407
250	8.388827228	8.388827228	8.388827228	8.388827228
251	8.418244644	8.418244644	8.418244644	8.418244644
252	8.450956006	8.450956006	8.450956006	8.450956006
253	8.482708552	8.482708552	8.482708552	8.482708552
254	8.513502283	8.513502283	8.513502283	8.513502283
255	8.545888455	8.545888455	8.545888455	8.545888455
256	8.577331672	8.577331672	8.577331672	8.577331672
257	8.607831934	8.607831934	8.607831934	8.607831934
258	8.63738924	8.63738924	8.63738924	8.63738924
259	8.66443587	8.66443587	8.66443587	8.66443587
260	8.692190887	8.692190887	8.692190887	8.692190887
261	8.72065429	8.72065429	8.72065429	8.72065429
262	8.747434508	8.747434508	8.747434508	8.747434508
263	8.774922429	8.774922429	8.774922429	8.774922429
264	8.803118054	8.803118054	8.803118054	8.803118054
265	8.834484116	8.834484116	8.834484116	8.834484116
266	8.86495481	8.86495481	8.86495481	8.86495481
267	8.894530135	8.894530135	8.894530135	8.894530135
268	8.925649605	8.925649605	8.925649605	8.925649605
269	8.955886489	8.955886489	8.955886489	8.955886489
270	8.985240788	8.985240788	8.985240788	8.985240788
271	9.0137125	9.0137125	9.0137125	9.0137125
272	9.039776051	9.039776051	9.039776051	9.039776051
273	9.066546796	9.066546796	9.066546796	9.066546796
274	9.094024733	9.094024733	9.094024733	9.094024733
275	9.11989066	9.11989066	9.11989066	9.11989066
276	9.146464124	9.146464124	9.146464124	9.146464124
277	9.173745126	9.173745126	9.173745126	9.173745126
278	9.204105984	9.204105984	9.204105984	9.204105984
279	9.233622287	9.233622287	9.233622287	9.233622287
280	9.262294033	9.262294033	9.262294033	9.262294033
281	9.29247627	9.29247627	9.29247627	9.29247627
282	9.321824066	9.321824066	9.321824066	9.321824066
283	9.350337421	9.350337421	9.350337421	9.350337421
284	9.378016335	9.378016335	9.378016335	9.378016335
285	9.403363569	9.403363569	9.403363569	9.403363569
286	9.429421005	9.429421005	9.429421005	9.429421005
287	9.456188645	9.456188645	9.456188645	9.456188645
288	9.481397705	9.481397705	9.481397705	9.481397705
289	9.507318194	9.507318194	9.507318194	9.507318194
290	9.533950112	9.533950112	9.533950112	9.533950112
291	9.563599755	9.563599755	9.563599755	9.563599755
292	9.592444707	9.592444707	9.592444707	9.592444707
293	9.620484969	9.620484969	9.620484969	9.620484969
294	9.650014704	9.650014704	9.650014704	9.650014704
295	9.678747553	9.678747553	9.678747553	9.678747553
296	9.706683515	9.706683515	9.706683515	9.706683515
297	9.73382259	9.73382259	9.73382259	9.73382259
298	9.758683965	9.758683965	9.758683965	9.758683965
299	9.784262157	9.784262157	9.784262157	9.784262157
300	9.810557165	9.810557165	9.810557165	9.810557165
301	9.835331688	9.835331688	9.835331688	9.835331688
302	9.860825009	9.860825009	9.860825009	9.860825009
303	9.887037129	9.887037129	9.887037129	9.887037129
304	9.916229395	9.916229395	9.916229395	9.916229395
305	9.94464736	9.94464736	9.94464736	9.94464736
306	9.972291023	9.972291023	9.972291023	9.972291023
307	10.00141404	10.00141404	10.00141404	10.00141404
308	10.02976856	10.02976856	10.02976856	10.02976856
309	10.05735458	10.05735458	10.05735458	10.05735458
310	10.08417211	10.08417211	10.08417211	10.08417211
311	10.10874649	10.10874649	10.10874649	10.10874649
312	10.13404739	10.13404739	10.13404739	10.13404739
313	10.1600748	10.1600748	10.1600748	10.1600748
314	10.18460658	10.18460658	10.18460658	10.18460658
315	10.2098675	10.2098675	10.2098675	10.2098675
316	10.23585757	10.23585757	10.23585757	10.23585757
317	10.26481138	10.26481138	10.26481138	10.26481138
318	10.29301308	10.29301308	10.29301308	10.29301308
319	10.32046267	10.32046267	10.32046267	10.32046267
320	10.34939088	10.34939088	10.34939088	10.34939088
321	10.37757106	10.37757106	10.37757106	10.37757106
322	10.40500322	10.40500322	10.40500322	10.40500322
323	10.43168735	10.43168735	10.43168735	10.43168735
324	10.45614613	10.45614613	10.45614613	10.45614613
325	10.48134376	10.48134376	10.48134376	10.48134376
326	10.50728026	10.50728026	10.50728026	10.50728026
327	10.53173455	10.53173455	10.53173455	10.53173455
328	10.55693088	10.55693088	10.55693088	10.55693088
329	10.58286925	10.58286925	10.58286925	10.58286925
330	10.61177317	10.61177317	10.61177317	10.61177317
331	10.6399401	10.6399401	10.6399401	10.6399401
332	10.66737004	10.66737004	10.66737004	10.66737004
333	10.69628594	10.69628594	10.69628594	10.69628594
334	10.72446744	10.72446744	10.72446744	10.72446744
335	10.75191455	10.75191455	10.75191455	10.75191455
336	10.77862726	10.77862726	10.77862726	10.77862726
337	10.80311799	10.80311799	10.80311799	10.80311799
338	10.82836218	10.82836218	10.82836218	10.82836218
339	10.85435982	10.85435982	10.85435982	10.85435982
340	10.87887884	10.87887884	10.87887884	10.87887884
341	10.90415497	10.90415497	10.90415497	10.90415497
342	10.93018822	10.93018822	10.93018822	10.93018822
343	10.95920449	10.95920449	10.95920449	10.95920449
344	10.98749279	10.98749279	10.98749279	10.98749279
345	11.01505314	11.01505314	11.01505314	11.01505314
346	11.04411369	11.04411369	11.04411369	11.04411369
347	11.07244759	11.07244759	11.07244759	11.07244759
348	11.10005483	11.10005483	11.10005483	11.10005483
349	11.12693541	11.12693541	11.12693541	11.12693541
350	11.15158496	11.15158496	11.15158496	11.15158496
351	11.1770045	11.1770045	11.1770045	11.1770045
352	11.20319402	11.20319402	11.20319402	11.20319402
353	11.22790002	11.22790002	11.22790002	11.22790002
354	11.25338007	11.25338007	11.25338007	11.25338007
355	11.27963417	11.27963417	11.27963417	11.27963417
356	11.30890222	11.30890222	11.30890222	11.30890222
357	11.33744607	11.33744607	11.33744607	11.33744607
358	11.36526573	11.36526573	11.36526573	11.36526573
359	11.39460581	11.39460581	11.39460581	11.39460581
360	11.4232219	11.4232219	11.4232219	11.4232219
361	11.45111399	11.45111399	11.45111399	11.45111399
362	11.47828209	11.47828209	11.47828209	11.47828209
363	11.50319943	11.50319943	11.50319943	11.50319943
364	11.52890492	11.52890492	11.52890492	11.52890492
365	11.55539856	11.55539856	11.55539856	11.55539856
366	11.58039654	11.58039654	11.58039654	11.58039654
367	11.60618707	11.60618707	11.60618707	11.60618707
368	11.63277015	11.63277015	11.63277015	11.63277015
369	11.66240968	11.66240968	11.66240968	11.66240968
370	11.69132426	11.69132426	11.69132426	11.69132426
371	11.71951388	11.71951388	11.71951388	11.71951388
372	11.74924924	11.74924924	11.74924924	11.74924924
373	11.7782589	11.7782589	11.7782589	11.7782589
374	11.80654286	11.80654286	11.80654286	11.80654286
375	11.83410112	11.83410112	11.83410112	11.83410112
376	11.85937974	11.85937974	11.85937974	11.85937974
377	11.88546608	11.88546608	11.88546608	11.88546608
378	11.91236015	11.91236015	11.91236015	11.91236015
379	11.93774014	11.93774014	11.93774014	11.93774014
380	11.96393254	11.96393254	11.96393254	11.96393254
381	11.99093735	11.99093735	11.99093735	11.99093735
382	12.02105101	12.02105101	12.02105101	12.02105101
383	12.05043507	12.05043507	12.05043507	12.05043507
384	12.07908953	12.07908953	12.07908953	12.07908953
385	12.10931941	12.10931941	12.10931941	12.10931941
386	12.13881813	12.13881813	12.13881813	12.13881813
387	12.1675857	12.1675857	12.1675857	12.1675857
388	12.19562211	12.19562211	12.19562211	12.19562211
389	12.22134215	12.22134215	12.22134215	12.22134215
390	12.24789067	12.24789067	12.24789067	12.24789067
391	12.27526768	12.27526768	12.27526768	12.27526768
392	12.30110684	12.30110684	12.30110684	12.30110684
393	12.32777943	12.32777943	12.32777943	12.32777943
394	12.35528544	12.35528544	12.35528544	12.35528544
395	12.38596116	12.38596116	12.38596116	12.38596116
396	12.41589931	12.41589931	12.41589931	12.41589931
397	12.44509989	12.44509989	12.44509989	12.44509989
398	12.4759093	12.4759093	12.4759093	12.4759093
399	12.50597888	12.50597888	12.50597888	12.50597888
400	12.53530863	12.53530863	12.53530863	12.53530863
401	12.56389855	12.56389855	12.56389855	12.56389855
402	12.59012863	12.59012863	12.59012863	12.59012863
403	12.61720898	12.61720898	12.61720898	12.61720898
404	12.64513959	12.64513959	12.64513959	12.64513959
405	12.671504	12.671504	12.671504	12.671504
406	12.69872383	12.69872383	12.69872383	12.69872383
407	12.72679907	12.72679907	12.72679907	12.72679907
408	12.75811214	12.75811214	12.75811214	12.75811214
409	12.78867681	12.78867681	12.78867681	12.78867681
410	12.81849308	12.81849308	12.81849308	12.81849308
411	12.8499548	12.8499548	12.8499548	12.8499548
412	12.87821875	12.87821875	12.87821875	12.87821875
413	12.90328494	12.90328494	12.90328494	12.90328494
414	12.92515336	12.92515336	12.92515336	12.92515336
415	12.94216624	12.94216624	12.94216624	12.94216624
416	12.95432358	12.95432358	12.95432358	12.95432358
417	12.96162538	12.96162538	12.96162538	12.96162538
418	12.96649324	12.96649324	12.96649324	12.96649324
419	12.96892717	12.96892717	12.96892717	12.96892717
420	12.96892717	12.96892717	12.96892717	12.96892717
421	12.96892717	12.96892717	12.96892717	12.96892717
422	12.96892717	12.96892717	12.96892717	12.96892717
423	12.96892717	12.96892717	12.96892717	12.96892717
424	12.96892717	12.96892717	12.96892717	12.96892717
425	12.96892717	12.96892717	12.96892717	12.96892717
426	12.96892717	12.96892717	12.96892717	12.96892717
427	12.96892717	12.96892717	12.96892717	12.96892717
428	12.96892717	12.96892717	12.96892717	12.96892717
429	12.96892717	12.96892717	12.96892717	12.96892717
430	12.96892717	12.96892717	12.96892717	12.96892717
431	12.96892717	12.96892717	12.96892717	12.96892717
432	12.96892717	12.96892717	12.96892717	12.96892717
433	12.96892717	12.96892717	12.96892717	12.96892717
434	12.96892717	12.96892717	12.96892717	12.96892717
435	12.96892717	12.96892717	12.96892717	12.96892717
436	12.96892717	12.96892717	12.96892717	12.96892717
437	12.96892717	12.96892717	12.96892717	12.96892717
438	12.96892717	12.96892717	12.96892717	12.96892717
439	12.96892717	12.96892717	12.96892717	12.96892717
440	12.96892717	12.96892717	12.96892717	12.96892717
441	12.96892717	12.96892717	12.96892717	12.96892717
442	12.96892717	12.96892717	12.96892717	12.96892717
443	12.96892717	12.96892717	12.96892717	12.96892717
444	12.96892717	12.96892717	12.96892717	12.96892717
445	12.96892717	12.96892717	12.96892717	12.96892717
446	12.96892717	12.96892717	12.96892717	12.96892717
447	12.96892717	12.96892717	12.96892717	12.96892717
448	12.96892717	12.96892717	12.96892717	12.96892717
449	12.96892717	12.96892717	12.96892717	12.96892717
450	12.96892717	12.96892717	12.96892717	12.96892717
451	12.96892717	12.96892717	12.96892717	12.96892717
452	12.96892717	12.96892717	12.96892717	12.96892717
453	12.96892717	12.96892717	12.96892717	12.96892717
454	12.96892717	12.96892717	12.96892717	12.96892717
455	12.96892717	12.96892717	12.96892717	12.96892717
456	12.96892717	12.96892717	12.96892717	12.96892717
457	12.96892717	12.96892717	12.96892717	12.96892717
458	12.96892717	12.96892717	12.96892717	12.96892717
459	12.96892717	12.96892717	12.96892717	12.96892717
460	12.96892717	12.96892717	12.96892717	12.96892717
461	12.96892717	12.96892717	12.96892717	12.96892717
462	12.96892717	12.96892717	12.96892717	12.96892717
463	12.96892717	12.96892717	12.96892717	12.96892717
464	12.96892717	12.96892717	12.96892717	12.96892717
465	12.96892717	12.96892717	12.96892717	12.96892717
466	12.96892717	12.96892717	12.96892717	12.96892717
467	12.96892717	12.96892717	12.96892717	12.96892717
468	12.96892717	12.96892717	12.96892717	12.96892717
469	12.96892717	12.96892717	12.96892717	12.96892717
470	12.96892717	12.96892717	12.96892717	12.96892717
471	12.96892717	12.96892717	12.96892717	12.96892717
472	12.96892717	12.96892717	12.96892717	12.96892717
473	12.96892717	12.96892717	12.96892717	12.96892717
474	12.96892717	12.96892717	12.96892717	12.96892717
475	12.96892717	12.96892717	12.96892717	12.96892717
476	12.96892717	12.96892717	12.96892717	12.96892717
477	12.96892717	12.96892717	12.96892717	12.96892717
478	12.96892717	12.96892717	12.96892717	12.96892717
479	12.96892717	12.96892717	12.96892717	12.96892717
480	12.96892717	12.96892717	12.96892717	12.96892717
481	12.96892717	12.96892717	12.96892717	12.96892717
482	12.96892717	12.96892717	12.96892717	12.96892717
483	12.96892717	12.96892717	12.96892717	12.96892717
484	12.96892717	12.96892717	12.96892717	12.96892717
485	12.96892717	12.96892717	12.96892717	12.96892717
486	12.96892717	12.96892717	12.96892717	12.96892717
487	12.96892717	12.96892717	12.96892717	12.96892717
488	12.96892717	12.96892717	12.96892717	12.96892717
489	12.96892717	12.96892717	12.96892717	12.96892717
490	12.96892717	12.96892717	12.96892717	12.96892717
491	12.96892717	12.96892717	12.96892717	12.96892717
492	12.96892717	12.96892717	12.96892717	12.96892717
493	12.96892717	12.96892717	12.96892717	12.96892717
494	12.96892717	12.96892717	12.96892717	12.96892717
495	12.96892717	12.96892717	12.96892717	12.96892717
496	12.96892717	12.96892717	12.96892717	12.96892717
497	12.96892717	12.96892717	12.96892717	12.96892717
498	12.96892717	12.96892717	12.96892717	12.96892717
499	12.96892717	12.96892717	12.96892717	12.96892717
500	12.96892717	12.96892717	12.96892717	12.96892717
501	12.96892717	12.96892717	12.96892717	12.96892717
502	12.96892717	12.96892717	12.96892717	12.96892717
503	12.96892717	12.96892717	12.96892717	12.96892717
504	12.96892717	12.96892717	12.96892717	12.96892717
505	12.96892717	12.96892717	12.96892717	12.96892717
506	12.96892717	12.96892717	12.96892717	12.96892717
507	12.96892717	12.96892717	12.96892717	12.96892717
508	12.96892717	12.96892717	12.96892717	12.96892717
509	12.96892717	12.96892717	12.96892717	12.96892717
510	12.96892717	12.96892717	12.96892717	12.96892717
511	12.96892717	12.96892717	12.96892717	12.96892717
512	12.96892717	12.96892717	12.96892717	12.96892717
513	12.96892717	12.96892717	12.96892717	12.96892717
514	12.96892717	12.96892717	12.96892717	12.96892717
515	12.96892717	12.96892717	12.96892717	12.96892717
516	12.96892717	12.96892717	12.96892717	12.96892717
517	12.96892717	12.96892717	12.96892717	12.96892717
518	12.96892717	12.96892717	12.96892717	12.96892717
519	12.96892717	12.96892717	12.96892717	12.96892717
520	12.96892717	12.96892717	12.96892717	12.96892717
521	12.96892717	12.96892717	12.96892717	12.96892717
522	12.96892717	12.96892717	12.96892717	12.96892717
523	12.96892717	12.96892717	12.96892717	12.96892717
524	12.96892717	12.96892717	12.96892717	12.96892717
525	12.96892717	12.96892717	12.96892717	12.96892717
526	12.96892717	12.96892717	12.96892717	12.96892717
527	12.96892717	12.96892717	12.96892717	12.96892717
528	12.96892717	12.96892717	12.96892717	12.96892717
529	12.96892717	12.96892717	12.96892717	12.96892717
530	12.96892717	12.96892717	12.96892717	12.96892717
531	12.96892717	12.96892717	12.96892717	12.96892717
532	12.96892717	12.96892717	12.96892717	12.96892717
533	12.96892717	12.96892717	12.96892717	12.96892717
534	12.96892717	12.96892717	12.96892717	12.96892717
535	12.96892717	12.96892717	12.96892717	12.96892717
536	12.96892717	12.96892717	12.96892717	12.96892717
537	12.96892717	12.96892717	12.96892717	12.96892717
538	12.96892717	12.96892717	12.96892717	12.96892717
539	12.96892717	12.96892717	12.96892717	12.96892717
540	12.96892717	12.96892717	12.96892717	12.96892717
541	12.96892717	12.96892717	12.96892717	12.96892717
542	12.96892717	12.96892717	12.96892717	12.96892717
543	12.96892717	12.96892717	12.96892717	12.96892717
544	12.96892717	12.96892717	12.96892717	12.96892717
545	12.96892717	12.96892717	12.96892717	12.96892717
546	12.96892717	12.96892717	12.96892717	12.96892717
547	12.96892717	12.96892717	12.96892717	12.96892717
548	12.96892717	12.96892717	12.96892717	12.96892717
549	12.96892717	12.96892717	12.96892717	12.96892717
550	12.96892717	12.96892717	12.96892717	12.96892717
551	12.96892717	12.96892717	12.96892717	12.96892717
552	12.96892717	12.96892717	12.96892717	12.96892717
553	12.96892717	12.96892717	12.96892717	12.96892717
554	12.96892717	12.96892717	12.96892717	12.96892717
555	12.96892717	12.96892717	12.96892717	12.96892717
556	12.96892717	12.96892717	12.96892717	12.96892717
557	12.96892717	12.96892717	12.96892717	12.96892717
558	12.96892717	12.96892717	12.96892717	12.96892717
559	12.96892717	12.96892717	12.96892717	12.96892717
560	12.96892717	12.96892717	12.96892717	12.96892717
561	12.96892717	12.96892717	12.96892717	12.96892717
562	12.96892717	12.96892717	12.96892717	12.96892717
563	12.96892717	12.96892717	12.96892717	12.96892717
564	12.96892717	12.96892717	12.96892717	12.96892717
565	12.96892717	12.96892717	12.96892717	12.96892717
566	12.96892717	12.96892717	12.96892717	12.96892717
567	12.96892717	12.96892717	12.96892717	12.96892717
568	12.96892717	12.96892717	12.96892717	12.96892717
569	12.96892717	12.96892717	12.96892717	12.96892717
570	12.96892717	12.96892717	12.96892717	12.96892717
571	12.96892717	12.96892717	12.96892717	12.96892717
572	12.96892717	12.96892717	12.96892717	12.96892717
573	12.96892717	12.96892717	12.96892717	12.96892717
574	12.96892717	12.96892717	12.96892717	12.96892717
575	12.96892717	12.96892717	12.96892717	12.96892717
576	12.96892717	12.96892717	12.96892717	12.96892717
577	12.96892717	12.96892717	12.96892717	12.96892717
578	12.96892717	12.96892717	12.96892717	12.96892717
579	12.96892717	12.96892717	12.96892717	12.96892717
580	12.96892717	12.96892717	12.96892717	12.96892717
581	12.96892717	12.96892717	12.96892717	12.96892717
582	12.96892717	12.96892717	12.96892717	12.96892717
583	12.96892717	12.96892717	12.96892717	12.96892717
584	12.96892717	12.96892717	12.96892717	12.96892717
585	12.96892717	12.96892717	12.96892717	12.96892717
586	12.96892717	12.96892717	12.96892717	12.96892717
587	12.96892717	12.96892717	12.96892717	12.96892717
588	12.96892717	12.96892717	12.96892717	12.96892717
589	12.96892717	12.96892717	12.96892717	12.96892717
590	12.96892717	12.96892717	12.96892717	12.96892717
591	12.96892717	12.96892717	12.96892717	12.96892717
592	12.96892717	12.96892717	12.96892717	12.96892717
593	12.96892717	12.96892717	12.96892717	12.96892717
594	12.96892717	12.96892717	12.96892717	12.96892717
595	12.96892717	12.96892717	12.96892717	12.96892717
596	12.96892717	12.96892717	12.96892717	12.96892717
597	12.96892717	12.96892717	12.96892717	12.96892717
598	12.96892717	12.96892717	12.96892717	12.96892717
599	12.96892717	12.96892717	12.96892717	12.96892717
600	12.96892717	12.96892717	12.96892717	12.96892717
601	12.96892717	12.96892717	12.96892717	12.96892717
602	12.96892717	12.96892717	12.96892717	12.96892717
603	12.96892717	12.96892717	12.96892717	12.96892717
604	12.96892717	12.96892717	12.96892717	12.96892717
605	12.96892717	12.96892717	12.96892717	12.96892717
606	12.96892717	12.96892717	12.96892717	12.96892717
607	12.96892717	12.96892717	12.96892717	12.96892717
608	12.96892717	12.96892717	12.96892717	12.96892717
609	12.96892717	12.96892717	12.96892717	12.96892717
610	12.96892717	12.96892717	12.96892717	12.96892717
611	12.96892717	12.96892717	12.96892717	12.96892717
612	12.96892717	12.96892717	12.96892717	12.96892717
613	12.96892717	12.96892717	12.96892717	12.96892717
614	12.96892717	12.96892717	12.96892717	12.96892717
615	12.96892717	12.96892717	12.96892717	12.96892717
616	12.96892717	12.96892717	12.96892717	12.96892717
617	12.96892717	12.96892717	12.96892717	12.96892717
618	12.96892717	12.96892717	12.96892717	12.96892717
619	12.96892717	12.96892717	12.96892717	12.96892717
620	12.96892717	12.96892717	12.96892717	12.96892717
621	12.96892717	12.96892717	12.96892717	12.96892717
622	12.96892717	12.96892717	12.96892717	12.96892717
623	12.96892717	12.96892717	12.96892717	12.96892717
624	12.96892717	12.96892717	12.96892717	12.96892717
625	12.96892717	12.96892717	12.96892717	12.96892717
626	12.96892717	12.96892717	12.96892717	12.96892717
627	12.96892717	12.96892717	12.96892717	12.96892717
628	12.96892717	12.96892717	12.96892717	12.96892717
629	12.96892717	12.96892717	12.96892717	12.96892717
630	12.96892717	12.96892717	12.96892717	12.96892717
631	12.96892717	12.96892717	12.96892717	12.96892717
632	12.96892717	12.96892717	12.96892717	12.96892717
633	12.96892717	12.96892717	12.96892717	12.96892717
634	12.96892717	12.96892717	12.96892717	12.96892717
635	12.96892717	12.96892717	12.96892717	12.96892717
636	12.96892717	12.96892717	12.96892717	12.96892717
637	12.96892717	12.96892717	12.96892717	12.96892717
638	12.96892717	12.96892717	12.96892717	12.96892717
639	12.96892717	12.96892717	12.96892717	12.96892717
640	12.96892717	12.96892717	12.96892717	12.96892717
641	12.96892717	12.96892717	12.96892717	12.96892717
642	12.96892717	12.96892717	12.96892717	12.96892717
643	12.96892717	12.96892717	12.96892717	12.96892717
644	12.96892717	12.96892717	12.96892717	12.96892717
645	12.96892717	12.96892717	12.96892717	12.96892717
646	12.96892717	12.96892717	12.96892717	12.96892717
647	12.96892717	12.96892717	12.96892717	12.96892717
648	12.96892717	12.96892717	12.96892717	12.96892717
649	12.96892717	12.96892717	12.96892717	12.96892717
650	12.96892717	12.96892717	12.96892717	12.96892717
651	12.96892717	12.96892717	12.96892717	12.96892717
652	12.96892717	12.96892717	12.96892717	12.96892717
653	12.96892717	12.96892717	12.96892717	12.96892717
654	12.96892717	12.96892717	12.96892717	12.96892717
655	12.96892717	12.96892717	12.96892717	12.96892717
656	12.96892717	12.96892717	12.96892717	12.96892717
657	12.96892717	12.96892717	12.96892717	12.96892717
658	12.96892717	12.96892717	12.96892717	12.96892717
659	12.96892717	12.96892717	12.96892717	12.96892717
660	12.96892717	12.96892717	12.96892717	12.96892717
661	12.96892717	12.96892717	12.96892717	12.96892717
662	12.96892717	12.96892717	12.96892717	12.96892717
663	12.96892717	12.96892717	12.96892717	12.96892717
664	12.96892717	12.96892717	12.96892717	12.96892717
665	12.96892717	12.96892717	12.96892717	12.96892717
666	12.96892717	12.96892717	12.96892717	12.96892717
667	12.96892717	12.96892717	12.96892717	12.96892717
668	12.96892717	12.96892717	12.96892717	12.96892717
669	12.96892717	12.96892717	12.96892717	12.96892717
670	12.96892717	12.96892717	12.96892717	12.96892717
671	12.96892717	12.96892717	12.96892717	12.96892717
672	12.96892717	12.96892717	12.96892717	12.96892717
673	12.96892717	12.96892717	12.96892717	12.96892717
674	12.96892717	12.96892717	12.96892717	12.96892717
675	12.96892717	12.96892717	12.96892717	12.96892717
676	12.96892717	12.96892717	12.96892717	12.96892717
677	12.96892717	12.96892717	12.96892717	12.96892717
678	12.96892717	12.96892717	12.96892717	12.96892717
679	12.96892717	12.96892717	12.96892717	12.96892717
680	12.96892717	12.96892717	12.96892717	12.96892717
681	12.96892717	12.96892717	12.96892717	12.96892717
682	12.96892717	12.96892717	12.96892717	12.96892717
683	12.96892717	12.96892717	12.96892717	12.96892717
684	12.96892717	12.96892717	12.96892717	12.96892717
685	12.96892717	12.96892717	12.96892717	12.96892717
686	12.96892717	12.96892717	12.96892717	12.96892717
687	12.96892717	12.96892717	12.96892717	12.96892717
688	12.96892717	12.96892717	12.96892717	12.96892717
689	12.96892717	12.96892717	12.96892717	12.96892717
690	12.96892717	12.96892717	12.96892717	12.96892717
691	12.96892717	12.96892717	12.96892717	12.96892717
692	12.96892717	12.96892717	12.96892717	12.96892717
693	12.96892717	12.96892717	12.96892717	12.96892717
694	12.96892717	12.96892717	12.96892717	12.96892717
695	12.96892717	12.96892717	12.96892717	12.96892717
696	12.96892717	12.96892717	12.96892717	12.96892717
697	12.96892717	12.96892717	12.96892717	12.96892717
698	12.96892717	12.96892717	12.96892717	12.96892717
699	12.96892717	12.96892717	12.96892717	12.96892717
700	12.96892717	12.96892717	12.96892717	12.96892717
701	12.96892717	12.96892717	12.96892717	12.96892717
702	12.96892717	12.96892717	12.96892717	12.96892717
703	12.96892717	12.96892717	12.96892717	12.96892717
704	12.96892717	12.96892717	12.96892717	12.96892717
705	12.96892717	12.96892717	12.96892717	12.96892717
706	12.96892717	12.96892717	12.96892717	12.96892717
707	12.96892717	12.96892717	12.96892717	12.96892717
708	12.96892717	12.96892717	12.96892717	12.96892717
709	12.96892717	12.96892717	12.96892717	12.96892717
710	12.96892717	12.96892717	12.96892717	12.96892717
711	12.96892717	12.96892717	12.96892717	12.96892717
712	12.96892717	12.96892717	12.96892717	12.96892717
713	12.96892717	12.96892717	12.96892717	12.96892717
714	12.96892717	12.96892717	12.96892717	12.96892717
715	12.96892717	12.96892717	12.96892717	12.96892717
716	12.96892717	12.96892717	12.96892717	12.96892717
717	12.96892717	12.96892717	12.96892717	12.96892717
718	12.96892717	12.96892717	12.96892717	12.96892717
719	12.96892717	12.96892717	12.96892717	12.96892717
720	12.96892717	12.96892717	12.96892717	12.96892717
721	12.96892717	12.96892717	12.96892717	12.96892717
722	12.96892717	12.96892717	12.96892717	12.96892717
723	12.96892717	12.96892717	12.96892717	12.96892717
724	12.96892717	12.96892717	12.96892717	12.96892717
725	12.96892717	12.96892717	12.96892717	12.96892717
726	12.96892717	12.96892717	12.96892717	12.96892717
727	12.96892717	12.96892717	12.96892717	12.96892717
728	12.96892717	12.96892717	12.96892717	12.96892717
729	12.96892717	12.96892717	12.96892717	12.96892717
730	12.96892717	12.96892717	12.96892717	12.96892717
731	12.96892717	12.96892717	12.96892717	12.96892717
732	12.96892717	12.96892717	12.96892717	12.96892717
733	12.96892717	12.96892717	12.96892717	12.96892717
734	12.96892717	12.96892717	12.96892717	12.96892717
735	12.96892717	12.96892717	12.96892717	12.96892717
736	12.96892717	12.96892717	12.96892717	12.96892717
737	12.96892717	12.96892717	12.96892717	12.96892717
738	12.96892717	12.96892717	12.96892717	12.96892717
739	12.96892717	12.96892717	12.96892717	12.96892717
740	12.96892717	12.96892717	12.96892717	12.96892717
741	12.96892717	12.96892717	12.96892717	12.96892717
742	12.96892717	12.96892717	12.96892717	12.96892717
743	12.96892717	12.96892717	12.96892717	12.96892717
744	12.96892717	12.96892717	12.96892717	12.96892717
745	12.96892717	12.96892717	12.96892717	12.96892717
746	12.96892717	12.96892717	12.96892717	12.96892717
747	12.96892717	12.96892717	12.96892717	12.96892717
748	12.96892717	12.96892717	12.96892717	12.96892717
749	12.96892717	12.96892717	12.96892717	12.96892717
750	12.96892717	12.96892717	12.96892717	12.96892717
751	12.96892717	12.96892717	12.96892717	12.96892717
752	12.96892717	12.96892717	12.96892717	12.96892717
753	12.96892717	12.96892717	12.96892717	12.96892717
754	12.96892717	12.96892717	12.96892717	12.96892717
755	12.96892717	12.96892717	12.96892717	12.96892717
756	12.96892717	12.96892717	12.96892717	12.96892717
757	12.96892717	12.96892717	12.96892717	12.96892717
758	12.96892717	12.96892717	12.96892717	12.96892717
759	12.96892717	12.96892717	12.96892717	12.96892717
760	12.96892717	12.96892717	12.96892717	12.96892717
761	12.96892717	12.96892717	12.96892717	12.96892717
762	12.96892717	12.96892717	12.96892717	12.96892717
763	12.96892717	12.96892717	12.96892717	12.96892717
764	12.96892717	12.96892717	12.96892717	12.96892717
765	12.96892717	12.96892717	12.96892717	12.96892717
766	12.96892717	12.96892717	12.96892717	12.96892717
767	12.96892717	12.96892717	12.96892717	12.96892717
768	12.96892717	12.96892717	12.96892717	12.96892717
769	12.96892717	12.96892717	12.96892717	12.96892717
770	12.96892717	12.96892717	12.96892717	12.96892717
771	12.96892717	12.96892717	12.96892717	12.96892717
772	12.96892717	12.96892717	12.96892717	12.96892717
773	12.96892717	12.96892717	12.96892717	12.96892717
774	12.96892717	12.96892717	12.96892717	12.96892717
775	12.96892717	12.96892717	12.96892717	12.96892717
776	12.96892717	12.96892717	12.96892717	12.96892717
777	12.96892717	12.96892717	12.96892717	12.96892717
778	12.96892717	12.96892717	12.96892717	12.96892717
779	12.96892717	12.96892717	12.96892717	12.96892717
780	12.96892717	12.96892717	12.96892717	12.96892717
781	12.96892717	12.96892717	12.96892717	12.96892717
782	12.96892717	12.96892717	12.96892717	12.96892717
783	12.96892717	12.96892717	12.96892717	12.96892717
784	12.96892717	12.96892717	12.96892717	12.96892717
785	12.96892717	12.96892717	12.96892717	12.96892717
786	12.96892717	12.96892717	12.96892717	12.96892717
787	12.96892717	12.96892717	12.96892717	12.96892717
788	12.96892717	12.96892717	12.96892717	12.96892717
789	12.96892717	12.96892717	12.96892717	12.96892717
790	12.96892717	12.96892717	12.96892717	12.96892717
791	12.96892717	12.96892717	12.96892717	12.96892717
792	12.96892717	12.96892717	12.96892717	12.96892717
793	12.96892717	12.96892717	12.96892717	12.96892717
794	12.96892717	12.96892717	12.96892717	12.96892717
795	12.96892717	12.96892717	12.96892717	12.96892717
796	12.96892717	12.96892717	12.96892717	12.96892717
797	12.96892717	12.96892717	12.96892717	12.96892717
798	12.96892717	12.96892717	12.96892717	12.96892717
799	12.96892717	12.96892717	12.96892717	12.96892717
800	12.96892717	12.96892717	12.96892717	12.96892717
801	12.96892717	12.96892717	12.96892717	12.96892717
802	12.96892717	12.96892717	12.96892717	12.96892717
803	12.96892717	12.96892717	12.96892717	12.96892717
804	12.96892717	12.96892717	12.96892717	12.96892717
805	12.96892717	12.96892717	12.96892717	12.96892717
806	12.96892717	12.96892717	12.96892717	12.96892717
807	12.96892717	12.96892717	12.96892717	12.96892717
808	12.96892717	12.96892717	12.96892717	12.96892717
809	12.96892717	12.96892717	12.96892717	12.96892717
810	12.96892717	12.96892717	12.96892717	12.96892717
811	12.96892717	12.96892717	12.96892717	12.96892717
812	12.96892717	12.96892717	12.96892717	12.96892717
813	12.96892717	12.96892717	12.96892717	12.96892717
814	12.96892717	12.96892717	12.96892717	12.96892717
815	12.96892717	12.96892717	12.96892717	12.96892717
816	12.96892717	12.96892717	12.96892717	12.96892717
817	12.96892717	12.96892717	12.96892717	12.96892717
818	12.96892717	12.96892717	12.96892717	12.96892717
819	12.96892717	12.96892717	12.96892717	12.96892717
820	12.96892717	12.96892717	12.96892717	12.96892717
821	12.96892717	12.96892717	12.96892717	12.96892717
822	12.96892717	12.96892717	12.96892717	12.96892717
823	12.96892717	12.96892717	12.96892717	12.96892717
824	12.96892717	12.96892717	12.96892717	12.96892717
825	12.96892717	12.96892717	12.96892717	12.96892717
826	12.96892717	12.96892717	12.96892717	12.96892717
827	12.96892717	12.96892717	12.96892717	12.96892717
828	12.96892717	12.96892717	12.96892717	12.96892717
829	12.96892717	12.96892717	12.96892717	12.96892717
830	12.96892717	12.96892717	12.96892717	12.96892717
831	12.96892717	12.96892717	12.96892717	12.96892717
832	12.96892717	12.96892717	12.96892717	12.96892717
833	12.96892717	12.96892717	12.96892717	12.96892717
834	12.96892717	12.96892717	12.96892717	12.96892717
835	12.96892717	12.96892717	12.96892717	12.96892717
836	12.96892717	12.96892717	12.96892717	12.96892717
837	12.96892717	12.96892717	12.96892717	12.96892717
838	12.96892717	12.96892717	12.96892717	12.96892717
839	12.96892717	12.96892717	12.96892717	12.96892717
840	12.96892717	12.96892717	12.96892717	12.96892717
841	12.96892717	12.96892717	12.96892717	12.96892717
842	12.96892717	12.96892717	12.96892717	12.96892717
843	12.96892717	12.96892717	12.96892717	12.96892717
844	12.96892717	12.96892717	12.96892717	12.96892717
845	12.96892717	12.96892717	12.96892717	12.96892717
846	12.96892717	12.96892717	12.96892717	12.96892717
847	12.96892717	12.96892717	12.96892717	12.96892717
848	12.96892717	12.96892717	12.96892717	12.96892717
849	12.96892717	12.96892717	12.96892717	12.96892717
850	12.96892717	12.96892717	12.96892717	12.96892717
851	12.96892717	12.96892717	12.96892717	12.96892717
852	12.96892717	12.96892717	12.96892717	12.96892717
853	12.96892717	12.96892717	12.96892717	12.96892717
854	12.96892717	12.96892717	12.96892717	12.96892717
855	12.96892717	12.96892717	12.96892717	12.96892717
856	12.96892717	12.96892717	12.96892717	12.96892717
857	12.96892717	12.96892717	12.96892717	12.96892717
858	12.96892717	12.96892717	12.96892717	12.96892717
859	12.96892717	12.96892717	12.96892717	12.96892717
860	12.96892717	12.96892717	12.96892717	12.96892717
861	12.96892717	12.96892717	12.96892717	12.96892717
862	12.96892717	12.96892717	12.96892717	12.96892717
863	12.96892717	12.96892717	12.96892717	12.96892717
864	12.96892717	12.96892717	12.96892717	12.96892717
865	12.96892717	12.96892717	12.96892717	12.96892717
866	12.96892717	12.96892717	12.96892717	12.96892717
867	12.96892717	12.96892717	12.96892717	12.96892717
868	12.96892717	12.96892717	12.96892717	12.96892717
869	12.96892717	12.96892717	12.96892717	12.96892717
870	12.96892717	12.96892717	12.96892717	12.96892717
871	12.96892717	12.96892717	12.96892717	12.96892717
872	12.96892717	12.96892717	12.96892717	12.96892717
873	12.96892717	12.96892717	12.96892717	12.96892717
874	12.96892717	12.96892717	12.96892717	12.96892717
875	12.96892717	12.96892717	12.96892717	12.96892717
876	12.96892717	12.96892717	12.96892717	12.96892717
877	12.96892717	12.96892717	12.96892717	12.96892717
878	12.96892717	12.96892717	12.96892717	12.96892717
879	12.96892717	12.96892717	12.96892717	12.96892717
880	12.96892717	12.96892717	12.96892717	12.96892717
881	12.96892717	12.96892717	12.96892717	12.96892717
882	12.96892717	12.96892717	12.96892717	12.96892717
883	12.96892717	12.96892717	12.96892717	12.96892717
884	12.96892717	12.96892717	12.96892717	12.96892717
885	12.96892717	12.96892717	12.96892717	12.96892717
886	12.96892717	12.96892717	12.96892717	12.96892717
887	12.96892717	12.96892717	12.96892717	12.96892717
888	12.96892717	12.96892717	12.96892717	12.96892717
889	12.96892717	12.96892717	12.96892717	12.96892717
890	12.96892717	12.96892717	12.96892717	12.96892717
891	12.96892717	12.96892717	12.96892717	12.96892717
892	12.96892717	12.96892717	12.96892717	12.96892717
893	12.96892717	12.96892717	12.96892717	12.96892717
894	12.96892717	12.96892717	12.96892717	12.96892717
895	12.96892717	12.96892717	12.96892717	12.96892717
896	12.96892717	12.96892717	12.96892717	12.96892717
897	12.96892717	12.96892717	12.96892717	12.96892717
898	12.96892717	12.96892717	12.96892717	12.96892717
899	12.96892717	12.96892717	12.96892717	12.96892717
900	12.96892717	12.96892717	12.96892717	12.96892717
901	12.96892717	12.96892717	12.96892717	12.96892717
902	12.96892717	12.96892717	12.96892717	12.96892717
903	12.96892717	12.96892717	12.96892717	12.96892717
904	12.96892717	12.96892717	12.96892717	12.96892717
905	12.96892717	12.96892717	12.96892717	12.96892717
906	12.96892717	12.96892717	12.96892717	12.96892717
907	12.96892717	12.96892717	12.96892717	12.96892717
908	12.96892717	12.96892717	12.96892717	12.96892717
909	12.96892717	12.96892717	12.96892717	12.96892717
910	12.96892717	12.96892717	12.96892717	12.96892717
911	12.96892717	12.96892717	12.96892717	12.96892717
912	12.96892717	12.96892717	12.96892717	12.96892717
913	12.96892717	12.96892717	12.96892717	12.96892717
914	12.96892717	12.96892717	12.96892717	12.96892717
915	12.96892717	12.96892717	12.96892717	12.96892717
916	12.96892717	12.96892717	12.96892717	12.96892717
917	12.96892717	12.96892717	12.96892717	12.96892717
918	12.96892717	12.96892717	12.96892717	12.96892717
919	12.96892717	12.96892717	12.96892717	12.96892717
920	12.96892717	12.96892717	12.96892717	12.96892717
921	12.96892717	12.96892717	12.96892717	12.96892717
922	12.96892717	12.96892717	12.96892717	12.96892717
923	12.96892717	12.96892717	12.96892717	12.96892717
924	12.96892717	12.96892717	12.96892717	12.96892717
925	12.96892717	12.96892717	12.96892717	12.96892717
926	12.96892717	12.96892717	12.96892717	12.96892717
927	12.96892717	12.96892717	12.96892717	12.96892717
928	12.96892717	12.96892717	12.96892717	12.96892717
929	12.96892717	12.96892717	12.96892717	12.96892717
930	12.96892717	12.96892717	12.96892717	12.96892717
931	12.96892717	12.96892717	12.96892717	12.96892717
932	12.96892717	12.96892717	12.96892717	12.96892717
933	12.96892717	12.96892717	12.96892717	12.96892717
934	12.96892717	12.96892717	12.96892717	12.96892717
935	12.96892717	12.96892717	12.96892717	12.96892717
936	12.96892717	12.96892717	12.96892717	12.96892717
937	12.96892717	12.96892717	12.96892717	12.96892717
938	12.96892717	12.96892717	12.96892717	12.96892717
939	12.96892717	12.96892717	12.96892717	12.96892717
940	12.96892717	12.96892717	12.96892717	12.96892717
941	12.96892717	12.96892717	12.96892717	12.96892717
942	12.96892717	12.96892717	12.96892717	12.96892717
943	12.96892717	12.96892717	12.96892717	12.96892717
944	12.96892717	12.96892717	12.96892717	12.96892717
945	12.96892717	12.96892717	12.96892717	12.96892717
946	12.96892717	12.96892717	12.96892717	12.96892717
947	12.96892717	12.96892717	12.96892717	12.96892717
948	12.96892717	12.96892717	12.96892717	12.96892717
949	12.96892717	12.96892717	12.96892717	12.96892717
950	12.96892717	12.96892717	12.96892717	12.96892717
951	12.96892717	12.96892717	12.96892717	12.96892717
952	12.96892717	12.96892717	12.96892717	12.96892717
953	12.96892717	12.96892717	12.96892717	12.96892717
954	12.96892717	12.96892717	12.96892717	12.96892717
955	12.96892717	12.96892717	12.96892717	12.96892717
956	12.96892717	12.96892717	12.96892717	12.96892717
957	12.96892717	12.96892717	12.96892717	12.96892717
958	12.96892717	12.96892717	12.96892717	12.96892717
959	12.96892717	12.96892717	12.96892717	12.96892717
960	12.96892717	12.96892717	12.96892717	12.96892717
961	12.96892717	12.96892717	12.96892717	12.96892717
962	12.96892717	12.96892717	12.96892717	12.96892717
963	12.96892717	12.96892717	12.96892717	12.96892717
964	12.96892717	12.96892717	12.96892717	12.96892717
965	12.96892717	12.96892717	12.96892717	12.96892717
966	12.96892717	12.96892717	12.96892717	12.96892717
967	12.96892717	12.96892717	12.96892717	12.96892717
968	12.96892717	12.96892717	12.96892717	12.96892717
969	12.96892717	12.96892717	12.96892717	12.96892717
970	12.96892717	12.96892717	12.96892717	12.96892717
971	12.96892717	12.96892717	12.96892717	12.96892717
972	12.96892717	12.96892717	12.96892717	12.96892717
973	12.96892717	12.96892717	12.96892717	12.96892717
974	12.96892717	12.96892717	12.96892717	12.96892717
975	12.96892717	12.96892717	12.96892717	12.96892717
976	12.96892717	12.96892717	12.96892717	12.96892717
977	12.96892717	12.96892717	12.96892717	12.96892717
978	12.96892717	12.96892717	12.96892717	12.96892717
979	12.96892717	12.96892717	12.96892717	12.96892717
980	12.96892717	12.96892717	12.96892717	12.96892717
981	12.96892717	12.96892717	12.96892717	12.96892717
982	12.96892717	12.96892717	12.96892717	12.96892717
983	12.96892717	12.96892717	12.96892717	12.96892717
984	12.96892717	12.96892717	12.96892717	12.96892717
985	12.96892717	12.96892717	12.96892717	12.96892717
986	12.96892717	12.96892717	12.96892717	12.96892717
987	12.96892717	12.96892717	12.96892717	12.96892717
988	12.96892717	12.96892717	12.96892717	12.96892717
989	12.96892717	12.96892717	12.96892717	12.96892717
990	12.96892717	12.96892717	12.96892717	12.96892717
991	12.96892717	12.96892717	12.96892717	12.96892717
992	12.96892717	12.96892717	12.96892717	12.96892717
993	12.96892717	12.96892717	12.96892717	12.96892717
994	12.96892717	12.96892717	12.96892717	12.96892717
995	12.96892717	12.96892717	12.96892717	12.96892717
996	12.96892717	12.96892717	12.96892717	12.96892717
997	12.96892717	12.96892717	12.96892717	12.96892717
998	12.96892717	12.96892717	12.96892717	12.96892717
999	12.96892717	12.96892717	12.96892717	12.96892717
1000	12.96892717	12.96892717	12.96892717	12.96892717
1001	12.96892717	12.96892717	12.96892717	12.96892717
1002	12.96892717	12.96892717	12.96892717	12.96892717
1003	12.96892717	12.96892717	12.96892717	12.96892717
1004	12.96892717	12.96892717	12.96892717	12.96892717
1005	12.96892717	12.96892717	12.96892717	12.96892717
1006	12.96892717	12.96892717	12.96892717	12.96892717
1007	12.96892717	12.96892717	12.96892717	12.96892717
1008	12.96892717	12.96892717	12.96892717	12.96892717
1009	12.96892717	12.96892717	12.96892717	12.96892717
1010	12.96892717	12.96892717	12.96892717	12.96892717
1011	12.96892717	12.96892717	12.96892717	12.96892717
1012	12.96892717	12.96892717	12.96892717	12.96892717
1013	12.96892717	12.96892717	12.96892717	12.96892717
1014	12.96892717	12.96892717	12.96892717	12.96892717
1015	12.96892717	12.96892717	12.96892717	12.96892717
1016	12.96892717	12.96892717	12.96892717	12.96892717
1017	12.96892717	12.96892717	12.96892717	12.96892717
1018	12.96892717	12.96892717	12.96892717	12.96892717
1019	12.96892717	12.96892717	12.96892717	12.96892717
1020	12.96892717	12.96892717	12.96892717	12.96892717
1021	12.96892717	12.96892717	12.96892717	12.96892717
1022	12.96892717	12.96892717	12.96892717	12.96892717
1023	12.96892717	12.96892717	12.96892717	12.96892717
1024	12.96892717	12.96892717	12.96892717	12.96892717
1025	12.96892717	12.96892717	12.96892717	12.96892717
1026	12.96892717	12.96892717	12.96892717	12.96892717
1027	12.96892717	12.96892717	12.96892717	12.96892717
1028	12.96892717	12.96892717	12.96892717	12.96892717
1029	12.96892717	12.96892717	12.96892717	12.96892717
1030	12.96892717	12.96892717	12.96892717	12.96892717
1031	12.96892717	12.96892717	12.96892717	12.96892717
1032	12.96892717	12.96892717	12.96892717	12.96892717
1033	12.96892717	12.96892717	12.96892717	12.96892717
1034	12.96892717	12.96892717	12.96892717	12.96892717
1035	12.96892717	12.96892717	12.96892717	12.96892717
1036	12.96892717	12.96892717	12.96892717	12.96892717
1037	12.96892717	12.96892717	12.96892717	12.96892717
1038	12.96892717	12.96892717	12.96892717	12.96892717
1039	12.96892717	12.96892717	12.96892717	12.96892717
1040	12.96892717	12.96892717	12.96892717	12.96892717
1041	12.96892717	12.96892717	12.96892717	12.96892717
1042	12.96892717	12.96892717	12.96892717	12.96892717
1043	12.96892717	12.96892717	12.96892717	12.96892717
1044	12.96892717	12.96892717	12.96892717	12.96892717
1045	12.96892717	12.96892717	12.96892717	12.96892717
1046	12.96892717	12.96892717	12.96892717	12.96892717
1047	12.96892717	12.96892717	12.96892717	12.96892717
1048	12.96892717	12.96892717	12.96892717	12.96892717
1049	12.96892717	12.96892717	12.96892717	12.96892717
1050	12.96892717	12.96892717	12.96892717	12.96892717
1051	12.96892717	12.96892717	12.96892717	12.96892717
1052	12.96892717	12.96892717	12.96892717	12.96892717
1053	12.96892717	12.96892717	12.96892717	12.96892717
1054	12.96892717	12.96892717	12.96892717	12.96892717
1055	12.96892717	12.96892717	12.96892717	12.96892717
1056	12.96892717	12.96892717	12.96892717	12.96892717
1057	12.96892717	12.96892717	12.96892717	12.96892717
1058	12.96892717	12.96892717	12.96892717	12.96892717
1059	12.96892717	12.96892717	12.96892717	12.96892717
1060	12.96892717	12.96892717	12.96892717	12.96892717
1061	12.96892717	12.96892717	12.96892717	12.96892717
1062	12.96892717	12.96892717	12.96892717	12.96892717
1063	12.96892717	12.96892717	12.96892717	12.96892717
1064	12.96892717	12.96892717	12.96892717	12.96892717
1065	12.96892717	12.96892717	12.96892717	12.96892717
1066	12.96892717	12.96892717	12.96892717	12.96892717
1067	12.96892717	12.96892717	12.96892717	12.96892717
1068	12.96892717	12.96892717	12.96892717	12.96892717
1069	12.96892717	12.96892717	12.96892717	12.96892717
1070	12.96892717	12.96892717	12.96892717	12.96892717
1071	12.96892717	12.96892717	12.96892717	12.96892717
1072	12.96892717	12.96892717	12.96892717	12.96892717
1073	12.96892717	12.96892717	12.96892717	12.96892717
1074	12.96892717	12.96892717	12.96892717	12.96892717
1075	12.96892717	12.96892717	12.96892717	12.96892717
1076	12.96892717	12.96892717	12.96892717	12.96892717
1077	12.96892717	12.96892717	12.96892717	12.96892717
1078	12.96892717	12.96892717	12.96892717	12.96892717
1079	12.96892717	12.96892717	12.96892717	12.96892717
1080	12.96892717	12.96892717	12.96892717	12.96892717
1081	12.96892717	12.96892717	12.96892717	12.96892717
1082	12.96892717	12.96892717	12.96892717	12.96892717
1083	12.96892717	12.96892717	12.96892717	12.96892717
1084	12.96892717	12.96892717	12.96892717	12.96892717
1085	12.96892717	12.96892717	12.96892717	12.96892717
1086	12.96892717	12.96892717	12.96892717	12.96892717
1087	12.96892717	12.96892717	12.96892717	12.96892717
1088	12.96892717	12.96892717	12.96892717	12.96892717
1089	12.96892717	12.96892717	12.96892717	12.96892717
1090	12.96892717	12.96892717	12.96892717	12.96892717
1091	12.96892717	12.96892717	12.96892717	12.96892717
1092	12.96892717	12.96892717	12.96892717	12.96892717
1093	12.96892717	12.96892717	12.96892717	12.96892717
1094	12.96892717	12.96892717	12.96892717	12.96892717
1095	12.96892717	12.96892717	12.96892717	12.96892717
1096	12.96892717	12.96892717	12.96892717	12.96892717
1097	12.96892717	12.96892717	12.96892717	12.96892717
1098	12.96892717	12.96892717	12.96892717	12.96892717
1099	12.96892717	12.96892717	12.96892717	12.96892717
1100	12.96892717	12.96892717	12.96892717	12.96892717
1101	12.96892717	12.96892717	12.96892717	12.96892717
1102	12.96892717	12.96892717	12.96892717	12.96892717
1103	12.96892717	12.96892717	12.96892717	12.96892717
1104	12.96892717	12.96892717	12.96892717	12.96892717
1105	12.96892717	12.96892717	12.96892717	12.96892717
1106	12.96892717	12.96892717	12.96892717	12.96892717
1107	12.96892717	12.96892717	12.96892717	12.96892717
1108	12.96892717	12.96892717	12.96892717	12.96892717
1109	12.96892717	12.96892717	12.96892717	12.96892717
1110	12.96892717	12.96892717	12.96892717	12.96892717
1111	12.96892717	12.96892717	12.96892717	12.96892717
1112	12.96892717	12.96892717	12.96892717	12.96892717
1113	12.96892717	12.96892717	12.96892717	12.96892717
1114	12.96892717	12.96892717	12.96892717	12.96892717
1115	12.96892717	12.96892717	12.96892717	12.96892717
1116	12.96892717	12.96892717	12.96892717	12.96892717
1117	12.96892717	12.96892717	12.96892717	12.96892717
1118	12.96892717	12.96892717	12.96892717	12.96892717
1119	12.96892717	12.96892717	12.96892717	12.96892717
1120	12.96892717	12.96892717	12.96892717	12.96892717
1121	12.96892717	12.96892717	12.96892717	12.96892717
1122	12.96892717	12.96892717	12.96892717	12.96892717
1123	12.96892717	12.96892717	12.96892717	12.96892717
1124	12.96892717	12.96892717	12.96892717	12.96892717
1125	12.96892717	12.96892717	12.96892717	12.96892717
1126	12.96892717	12.96892717	12.96892717	12.96892717
1127	12.96892717	12.96892717	12.96892717	12.96892717
1128	12.96892717	12.96892717	12.96892717	12.96892717
1129	12.96892717	12.96892717	12.96892717	12.96892717
1130	12.96892717	12.96892717	12.96892717	12.96892717
1131	12.96892717	12.96892717	12.96892717	12.96892717
1132	12.96892717	12.96892717	12.96892717	12.96892717
1133	12.96892717	12.96892717	12.96892717	12.96892717
1134	12.96892717	12.96892717	12.96892717	12.96892717
1135	12.96892717	12.96892717	12.96892717	12.96892717
1136	12.96892717	12.96892717	12.96892717	12.96892717
1137	12.96892717	12.96892717	12.96892717	12.96892717
1138	12.96892717	12.96892717	12.96892717	12.96892717
1139	12.96892717	12.96892717	12.96892717	12.96892717
1140	12.96892717	12.96892717	12.96892717	12.96892717
1141	12.96892717	12.96892717	12.96892717	12.96892717
1142	12.96892717	12.96892717	12.96892717	12.96892717
1143	12.96892717	12.96892717	12.96892717	12.96892717
1144	12.96892717	12.96892717	12.96892717	12.96892717
1145	12.96892717	12.96892717	12.96892717	12.96892717
1146	12.96892717	12.96892717	12.96892717	12.96892717
1147	12.96892717	12.96892717	12.96892717	12.96892717
1148	12.96892717	12.96892717	12.96892717	12.96892717
1149	12.96892717	12.96892717	12.96892717	12.96892717
1150	12.96892717	12.96892717	12.96892717	12.96892717
1151	12.96892717	12.96892717	12.96892717	12.96892717
1152	12.96892717	12.96892717	12.96892717	12.96892717
1153	12.96892717	12.96892717	12.96892717	12.96892717
1154	12.96892717	12.96892717	12.96892717	12.96892717
1155	12.96892717	12.96892717	12.96892717	12.96892717
1156	12.96892717	12.96892717	12.96892717	12.96892717
1157	12.96892717	12.96892717	12.96892717	12.96892717
1158	12.96892717	12.96892717	12.96892717	12.96892717
1159	12.96892717	12.96892717	12.96892717	12.96892717
1160	12.96892717	12.96892717	12.96892717	12.96892717
1161	12.96892717	12.96892717	12.96892717	12.96892717
1162	12.96892717	12.96892717	12.96892717	12.96892717
1163	12.96892717	12.96892717	12.96892717	12.96892717
1164	12.96892717	12.96892717	12.96892717	12.96892717
1165	12.96892717	12.96892717	12.96892717	12.96892717
1166	12.96892717	12.96892717	12.96892717	12.96892717
1167	12.96892717	12.96892717	12.96892717	12.96892717
1168	12.96892717	12.96892717	12.96892717	12.96892717
1169	12.96892717	12.96892717	12.96892717	12.96892717
1170	12.96892717	12.96892717	12.96892717	12.96892717
1171	12.96892717	12.96892717	12.96892717	12.96892717
1172	12.96892717	12.96892717	12.96892717	12.96892717
1173	12.96892717	12.96892717	12.96892717	12.96892717
1174	12.96892717	12.96892717	12.96892717	12.96892717
1175	12.96892717	12.96892717	12.96892717	12.96892717
1176	12.96892717	12.96892717	12.96892717	12.96892717
1177	12.96892717	12.96892717	12.96892717	12.96892717
1178	12.96892717	12.96892717	12.96892717	12.96892717
1179	12.96892717	12.96892717	12.96892717	12.96892717
1180	12.96892717	12.96892717	12.96892717	12.96892717
1181	12.96892717	12.96892717	12.96892717	12.96892717
1182	12.96892717	12.96892717	12.96892717	12.96892717
1183	12.96892717	12.96892717	12.96892717	12.96892717
1184	12.96892717	12.96892717	12.96892717	12.96892717
1185	12.96892717	12.96892717	12.96892717	12.96892717
1186	12.96892717	12.96892717	12.96892717	12.96892717
1187	12.96892717	12.96892717	12.96892717	12.96892717
1188	12.96892717	12.96892717	12.96892717	12.96892717
1189	12.96892717	12.96892717	12.96892717	12.96892717
1190	12.96892717	12.96892717	12.96892717	12.96892717
1191	12.96892717	12.96892717	12.96892717	12.96892717
1192	12.96892717	12.96892717	12.96892717	12.96892717
1193	12.96892717	12.96892717	12.96892717	12.96892717
1194	12.96892717	12.96892717	12.96892717	12.96892717
1195	12.96892717	12.96892717	12.96892717	12.96892717
1196	12.96892717	12.96892717	12.96892717	12.96892717
1197	12.96892717	12.96892717	12.96892717	12.96892717
1198	12.96892717	12.96892717	12.96892717	12.96892717
1199	12.96892717	12.96892717	12.96892717	12.96892717
1200	12.96892717	12.96892717	12.96892717	12.96892717
1201	12.96892717	12.96892717	12.96892717	12.96892717
1202	12.96892717	12.96892717	12.96892717	12.96892717
1203	12.96892717	12.96892717	12.96892717	12.96892717
1204	12.96892717	12.96892717	12.96892717	12.96892717
1205	12.96892717	12.96892717	12.96892717	12.96892717
1206	12.96892717	12.96892717	12.96892717	12.96892717
1207	12.96892717	12.96892717	12.96892717	12.96892717
1208	12.96892717	12.96892717	12.96892717	12.96892717
1209	12.96892717	12.96892717	12.96892717	12.96892717
1210	12.96892717	12.96892717	12.96892717	12.96892717
1211	12.96892717	12.96892717	12.96892717	12.96892717
1212	12.96892717	12.96892717	12.96892717	12.96892717
1213	12.96892717	12.96892717	12.96892717	12.96892717
1214	12.96892717	12.96892717	12.96892717	12.96892717
1215	12.96892717	12.96892717	12.96892717	12.96892717
1216	12.96892717	12.96892717	12.96892717	12.96892717
1217	12.96892717	12.96892717	12.96892717	12.96892717
1218	12.96892717	12.96892717	12.96892717	12.96892717
1219	12.96892717	12.96892717	12.96892717	12.96892717
1220	12.96892717	12.96892717	12.96892717	12.96892717
1221	12.96892717	12.96892717	12.96892717	12.96892717
1222	12.96892717	12.96892717	12.96892717	12.96892717
1223	12.96892717	12.96892717	12.96892717	12.96892717
1224	12.96892717	12.96892717	12.96892717	12.96892717
1225	12.96892717	12.96892717	12.96892717	12.96892717
1226	12.96892717	12.96892717	12.96892717	12.96892717
1227	12.96892717	12.96892717	12.96892717	12.96892717
1228	12.96892717	12.96892717	12.96892717	12.96892717
1229	12.96892717	12.96892717	12.96892717	12.96892717
1230	12.96892717	12.96892717	12.96892717	12.96892717
1231	12.96892717	12.96892717	12.96892717	12.96892717
1232	12.96892717	12.96892717	12.96892717	12.96892717
1233	12.96892717	12.96892717	12.96892717	12.96892717
1234	12.96892717	12.96892717	12.96892717	12.96892717
1235	12.96892717	12.96892717	12.96892717	12.96892717
1236	12.96892717	12.96892717	12.96892717	12.96892717
1237	12.96892717	12.96892717	12.96892717	12.96892717
1238	12.96892717	12.96892717	12.96892717	12.96892717
1239	12.96892717	12.96892717	12.96892717	12.96892717
1240	12.96892717	12.96892717	12.96892717	12.96892717
1241	12.96892717	12.96892717	12.96892717	12.96892717
1242	12.96892717	12.96892717	12.96892717	12.96892717
1243	12.96892717	12.96892717	12.96892717	12.96892717
1244	12.96892717	12.96892717	12.96892717	12.96892717
1245	12.96892717	12.96892717	12.96892717	12.96892717
1246	12.96892717	12.96892717	12.96892717	12.96892717
1247	12.96892717	12.96892717	12.96892717	12.96892717
1248	12.96892717	12.96892717	12.96892717	12.96892717
1249	12.96892717	12.96892717	12.96892717	12.96892717
1250	12.96892717	12.96892717	12.96892717	12.96892717
1251	12.96892717	12.96892717	12.96892717	12.96892717
1252	12.96892717	12.96892717	12.96892717	12.96892717
1253	12.96892717	12.96892717	12.96892717	12.96892717
1254	12.96892717	12.96892717	12.96892717	12.96892717
1255	12.96892717	12.96892717	12.96892717	12.96892717
1256	12.96892717	12.96892717	12.96892717	12.96892717
1257	12.96892717	12.96892717	12.96892717	12.96892717
1258	12.96892717	12.96892717	12.96892717	12.96892717
1259	12.96892717	12.96892717	12.96892717	12.96892717
1260	12.96892717	12.96892717	12.96892717	12.96892717
1261	12.96892717	12.96892717	12.96892717	12.96892717
1262	12.96892717	12.96892717	12.96892717	12.96892717
1263	12.96892717	12.96892717	12.96892717	12.96892717
1264	12.96892717	12.96892717	12.96892717	12.96892717
1265	12.96892717	12.96892717	12.96892717	12.96892717
1266	12.96892717	12.96892717	12.96892717	12.96892717
1267	12.96892717	12.96892717	12.96892717	12.96892717
1268	12.96892717	12.96892717	12.96892717	12.96892717
1269	12.96892717	12.96892717	12.96892717	12.96892717
1270	12.96892717	12.96892717	12.96892717	12.96892717
1271	12.96892717	12.96892717	12.96892717	12.96892717
1272	12.96892717	12.96892717	12.96892717	12.96892717
1273	12.96892717	12.96892717	12.96892717	12.96892717
1274	12.96892717	12.96892717	12.96892717	12.96892717
1275	12.96892717	12.96892717	12.96892717	12.96892717
1276	12.96892717	12.96892717	12.96892717	12.96892717
1277	12.96892717	12.96892717	12.96892717	12.96892717
1278	12.96892717	12.96892717	12.96892717	12.96892717
1279	12.96892717	12.96892717	12.96892717	12.96892717
1280	12.96892717	12.96892717	12.96892717	12.96892717
1281	12.96892717	12.96892717	12.96892717	12.96892717
1282	12.96892717	12.96892717	12.96892717	12.96892717
1283	12.96892717	12.96892717	12.96892717	12.96892717
1284	12.96892717	12.96892717	12.96892717	12.96892717
1285	12.96892717	12.96892717	12.96892717	12.96892717
1286	12.96892717	12.96892717	12.96892717	12.96892717
1287	12.96892717	12.96892717	12.96892717	12.96892717
1288	12.96892717	12.96892717	12.96892717	12.96892717
1289	12.96892717	12.96892717	12.96892717	12.96892717
1290	12.96892717	12.96892717	12.96892717	12.96892717
1291	12.96892717	12.96892717	12.96892717	12.96892717
1292	12.96892717	12.96892717	12.96892717	12.96892717
1293	12.96892717	12.96892717	12.96892717	12.96892717
1294	12.96892717	12.96892717	12.96892717	12.96892717
1295	12.96892717	12.96892717	12.96892717	12.96892717
1296	12.87261657	12.87261657	12.87261657	12.87261657
1297	12.7770212	12.7770212	12.7770212	12.7770212
1298	12.68213574	12.68213574	12.68213574	12.68213574
1299	12.58795492	12.58795492	12.58795492	12.58795492
1300	12.49447351	12.49447351	12.49447351	12.49447351
